index,timestep,sample
0,1.0,47.86161
1,0.998999,59.16687
2,0.997998,52.30899
3,0.996997,50.32837
4,0.995996,53.429024
5,0.994995,65.23065
6,0.993994,78.45389
7,0.992993,84.40768
8,0.991992,79.59635
9,0.990991,73.49624
10,0.98999,68.79765
11,0.988989,69.24949
12,0.987988,71.95733
13,0.986987,74.88571
14,0.985986,86.06388
15,0.984985,86.66779
16,0.983984,81.792206
17,0.982983,88.062355
18,0.981982,93.713646
19,0.980981,95.21144
20,0.97998,104.11783
21,0.978979,117.37016
22,0.977978,123.59964
23,0.976977,112.54625
24,0.975976,103.69235
25,0.974975,95.117966
26,0.973974,96.19009
27,0.972973,95.96297
28,0.971972,104.9191
29,0.970971,104.94375
30,0.96997,106.72526
31,0.968969,96.63181
32,0.967968,93.12435
33,0.966967,92.786896
34,0.965966,92.19637
35,0.964965,85.58417
36,0.963964,89.50385
37,0.962963,84.49537
38,0.961962,80.31963
39,0.960961,79.57393
40,0.95996,81.482086
41,0.958959,75.59256
42,0.957958,73.44119
43,0.956957,74.04037
44,0.955956,81.71846
45,0.954955,72.345955
46,0.953954,78.33595
47,0.952953,72.55524
48,0.951952,66.45122
49,0.950951,70.03398
50,0.94995,64.20223
51,0.948949,69.64967
52,0.9479479,64.73258
53,0.9469469,49.050842
54,0.9459459,51.638077
55,0.9449449,53.72363
56,0.9439439,63.077637
57,0.9429429,66.38687
58,0.9419419,64.14923
59,0.9409409,60.813652
60,0.9399399,54.180977
61,0.9389389,58.785732
62,0.9379379,57.815605
63,0.9369369,46.154446
64,0.9359359,41.308353
65,0.9349349,44.35864
66,0.9339339,38.845238
67,0.9329329,36.239014
68,0.9319319,44.300056
69,0.9309309,40.918465
70,0.9299299,40.94682
71,0.9289289,39.20054
72,0.9279279,28.2691
73,0.9269269,32.51783
74,0.9259259,25.624517
75,0.9249249,19.478405
76,0.9239239,25.666079
77,0.9229229,27.632236
78,0.9219219,25.17936
79,0.9209209,21.921446
80,0.9199199,12.631852
81,0.9189189,15.181831
82,0.9179179,18.158928
83,0.9169169,19.77766
84,0.9159159,20.585539
85,0.9149149,27.975254
86,0.9139139,28.252571
87,0.9129129,28.150461
88,0.9119119,26.970936
89,0.9109109,26.406685
90,0.9099099,23.012457
91,0.9089089,25.855072
92,0.9079079,26.602947
93,0.9069069,25.852552
94,0.9059059,19.954754
95,0.9049049,28.589815
96,0.9039039,23.027382
97,0.9029029,21.494822
98,0.9019019,13.042719
99,0.9009009,15.849243
100,0.8998999,17.119282
101,0.8988989,23.824533
102,0.8978979,25.275242
103,0.8968969,29.83454
104,0.8958959,34.451534
105,0.8948949,37.521416
106,0.8938939,31.879868
107,0.8928929,34.25555
108,0.8918919,27.031963
109,0.8908909,32.401176
110,0.8898899,37.67037
111,0.8888889,36.63934
112,0.8878879,38.951603
113,0.8868869,37.20889
114,0.8858859,42.511593
115,0.8848849,41.682655
116,0.8838839,36.705063
117,0.8828829,37.52769
118,0.8818819,39.8615
119,0.8808809,35.308098
120,0.8798799,33.11062
121,0.8788789,34.909256
122,0.8778779,30.628006
123,0.8768769,28.385368
124,0.8758759,29.491814
125,0.8748749,29.156067
126,0.8738739,30.246332
127,0.8728729,27.395191
128,0.8718719,25.946014
129,0.8708709,22.229467
130,0.8698699,21.01715
131,0.8688689,14.079988
132,0.8678679,5.2970543
133,0.8668669,4.7455244
134,0.8658659,-0.2549653
135,0.8648649,2.092015
136,0.8638639,4.032711
137,0.8628629,7.549388
138,0.8618619,7.9890676
139,0.8608609,9.702956
140,0.8598599,11.030627
141,0.8588589,8.586547
142,0.8578579,12.65737
143,0.8568569,11.731906
144,0.8558559,12.4538765
145,0.8548549,21.060707
146,0.8538539,19.004255
147,0.8528529,18.110935
148,0.8518519,21.765993
149,0.8508509,21.963354
150,0.8498499,23.54551
151,0.8488489,21.886278
152,0.8478479,26.287748
153,0.8468469,26.403196
154,0.8458458,29.89909
155,0.8448448,27.129278
156,0.8438438,25.212753
157,0.8428428,23.752617
158,0.8418418,23.441359
159,0.8408408,19.193624
160,0.8398398,19.649271
161,0.8388388,22.790451
162,0.8378378,19.764301
163,0.8368368,18.88375
164,0.8358358,20.265223
165,0.8348348,19.009792
166,0.8338338,17.37414
167,0.8328328,16.392677
168,0.8318318,13.333479
169,0.8308308,13.983064
170,0.8298298,15.821336
171,0.8288288,14.992645
172,0.8278278,16.227392
173,0.8268268,17.633368
174,0.8258258,15.642038
175,0.8248248,14.8313055
176,0.8238238,16.692234
177,0.8228228,14.992652
178,0.8218218,10.8466015
179,0.8208208,11.093308
180,0.8198198,10.526721
181,0.8188188,9.178248
182,0.8178178,9.265904
183,0.8168168,8.108534
184,0.8158158,6.425552
185,0.8148148,5.8567533
186,0.8138138,4.9807186
187,0.8128128,3.762999
188,0.8118118,5.235692
189,0.8108108,2.884814
190,0.8098098,0.5472951
191,0.8088088,0.11983773
192,0.8078078,1.4302975
193,0.8068068,3.8216457
194,0.8058058,4.594708
195,0.8048048,3.3122
196,0.8038038,5.4738083
197,0.8028028,5.195833
198,0.8018018,3.7323835
199,0.8008008,4.9019523
200,0.7997998,8.689252
201,0.7987988,6.84492
202,0.7977978,7.0262513
203,0.7967968,8.242093
204,0.7957958,9.196309
205,0.7947948,4.7695374
206,0.7937938,3.7903419
207,0.7927928,1.0538797
208,0.7917918,3.1748164
209,0.7907908,3.007734
210,0.7897898,2.9621468
211,0.7887888,2.852467
212,0.7877878,-1.3781118
213,0.7867868,-1.7984276
214,0.7857858,-1.4758784
215,0.7847848,-4.992405
216,0.7837838,-10.876633
217,0.7827828,-12.698524
218,0.7817818,-15.803705
219,0.7807808,-14.920297
220,0.7797798,-13.068276
221,0.7787788,-11.028986
222,0.7777778,-9.284416
223,0.7767768,-7.1372046
224,0.7757758,-6.652114
225,0.7747748,-7.1342125
226,0.7737738,-4.99546
227,0.7727728,-6.6526585
228,0.7717718,-8.54728
229,0.7707708,-11.083231
230,0.7697698,-10.150414
231,0.7687688,-11.087213
232,0.7677678,-11.816746
233,0.7667668,-11.317276
234,0.7657658,-11.731384
235,0.7647648,-11.658899
236,0.7637638,-10.650598
237,0.7627628,-10.596865
238,0.7617618,-11.296944
239,0.7607608,-9.628756
240,0.7597598,-7.280733
241,0.7587588,-7.3943624
242,0.7577578,-6.5569925
243,0.7567568,-9.53233
244,0.7557558,-10.019296
245,0.7547548,-11.238949
246,0.7537538,-10.850916
247,0.7527528,-9.51856
248,0.7517518,-9.453845
249,0.7507508,-9.799268
250,0.7497498,-7.238399
251,0.7487488,-7.3470583
252,0.7477478,-7.436802
253,0.7467468,-6.980396
254,0.7457458,-7.6945753
255,0.7447448,-9.899479
256,0.7437438,-11.230536
257,0.7427427,-8.746302
258,0.7417417,-7.8160906
259,0.7407407,-8.393931
260,0.7397397,-7.899194
261,0.7387387,-7.522466
262,0.7377377,-10.297257
263,0.7367367,-10.255681
264,0.7357357,-11.794741
265,0.7347347,-8.157963
266,0.7337337,-7.0962286
267,0.7327327,-7.157791
268,0.7317317,-7.360633
269,0.7307307,-5.344634
270,0.7297297,-4.8263807
271,0.7287287,-3.7359948
272,0.7277277,-2.9376547
273,0.7267267,-2.9148805
274,0.7257257,-3.234064
275,0.7247247,-3.3598292
276,0.7237237,-5.6459556
277,0.7227227,-6.454747
278,0.7217217,-6.7656083
279,0.7207207,-6.2257395
280,0.7197197,-6.016922
281,0.7187187,-5.1408997
282,0.7177177,-6.0458283
283,0.7167167,-6.6733665
284,0.7157157,-7.878957
285,0.7147147,-4.648986
286,0.7137137,-5.436786
287,0.7127127,-5.7589917
288,0.7117117,-6.7615557
289,0.7107107,-3.5718024
290,0.7097097,-3.4775734
291,0.7087087,-3.301317
292,0.7077077,-0.9763937
293,0.7067067,-0.020647883
294,0.7057057,-0.2251259
295,0.7047047,0.036263898
296,0.7037037,-1.1746268
297,0.7027027,-0.43446827
298,0.7017017,0.37667984
299,0.7007007,0.22741844
300,0.6996997,-0.8128625
301,0.6986987,-1.427469
302,0.6976977,-2.30232
303,0.6966967,-1.9951314
304,0.6956957,-1.3083918
305,0.6946947,-0.51674485
306,0.6936937,-2.882941
307,0.6926927,-1.7163001
308,0.6916917,-1.2499675
309,0.6906907,0.16107476
310,0.6896897,-0.8509437
311,0.6886887,-1.0683719
312,0.6876877,-1.0866427
313,0.6866867,-1.8121812
314,0.6856857,-3.3133273
315,0.6846847,-2.0376081
316,0.6836837,-1.0665277
317,0.6826827,-0.4916979
318,0.6816817,1.510801
319,0.6806807,0.3197043
320,0.6796797,1.0058966
321,0.6786787,0.16050333
322,0.6776777,0.3398553
323,0.6766767,0.47618115
324,0.6756757,1.4614308
325,0.6746747,1.5495288
326,0.6736737,1.2287884
327,0.6726727,0.17956102
328,0.6716717,1.2119653
329,0.6706707,1.4706124
330,0.6696697,1.1415292
331,0.6686687,0.14318603
332,0.6676677,0.1895332
333,0.6666667,-0.4582192
334,0.6656657,-1.0911299
335,0.6646647,-1.6842933
336,0.6636637,-2.483296
337,0.6626627,-2.2779593
338,0.6616617,-4.5089664
339,0.6606607,-6.547407
340,0.6596597,-7.339569
341,0.6586587,-7.646419
342,0.6576577,-6.1207542
343,0.6566567,-5.000124
344,0.6556557,-5.994716
345,0.6546547,-6.4089875
346,0.6536537,-6.291178
347,0.6526527,-5.0304217
348,0.6516517,-4.5596247
349,0.6506507,-3.8048992
350,0.6496497,-2.9944293
351,0.6486487,-2.04823
352,0.6476477,-0.79372776
353,0.6466467,-1.186561
354,0.6456457,-0.1639055
355,0.6446447,0.5861848
356,0.6436437,0.44898465
357,0.6426427,0.36420262
358,0.6416417,0.17252347
359,0.6406406,-0.61883676
360,0.6396396,-0.4617188
361,0.6386386,-0.48115668
362,0.6376376,-0.4236679
363,0.6366366,-0.06536126
364,0.6356356,-0.2248506
365,0.6346346,0.8788536
366,0.6336336,1.2632787
367,0.6326326,1.180798
368,0.6316316,0.3884796
369,0.6306306,0.7490273
370,0.6296296,1.1197531
371,0.6286286,0.7117897
372,0.6276276,0.11173028
373,0.6266266,0.43506366
374,0.6256256,0.012378603
375,0.6246246,0.04051797
376,0.6236236,0.13863
377,0.6226226,0.79092383
378,0.6216216,0.85918766
379,0.6206206,1.7659359
380,0.6196196,2.1411688
381,0.6186186,2.5199575
382,0.6176176,2.70674
383,0.6166166,2.2878397
384,0.6156156,1.27457
385,0.6146146,1.4101886
386,0.6136136,1.2047551
387,0.6126126,1.7091359
388,0.6116116,0.65481615
389,0.6106106,1.1660973
390,0.6096096,1.3696
391,0.6086086,2.074339
392,0.6076076,1.3307359
393,0.6066066,1.5574993
394,0.6056056,1.3133144
395,0.6046046,0.42237192
396,0.6036036,0.13587168
397,0.6026026,0.8278649
398,0.6016016,0.64153653
399,0.6006006,-0.030110836
400,0.5995996,-0.4103819
401,0.5985986,0.364134
402,0.5975976,0.6053591
403,0.5965966,0.74591017
404,0.5955956,1.3221738
405,0.5945946,1.1602625
406,0.5935936,0.5317613
407,0.5925926,1.9665031
408,0.5915916,2.4379227
409,0.5905906,1.4488807
410,0.5895896,0.954267
411,0.5885886,1.6759335
412,0.5875876,1.6801591
413,0.5865866,2.4761472
414,0.5855856,2.3244872
415,0.5845846,1.557461
416,0.5835836,1.9573475
417,0.5825826,1.601777
418,0.5815816,1.3441477
419,0.5805806,0.43115216
420,0.5795796,0.7337297
421,0.5785786,1.1614726
422,0.5775776,1.338738
423,0.5765766,1.0184487
424,0.5755756,1.1961529
425,0.5745746,1.6676123
426,0.5735736,1.3403527
427,0.5725726,1.2231703
428,0.5715716,1.1851176
429,0.5705706,0.6073679
430,0.5695696,0.8751834
431,0.5685686,0.8602767
432,0.5675676,0.7257946
433,0.5665666,0.5107747
434,0.5655656,-0.13971686
435,0.5645646,-0.15067545
436,0.5635636,-0.70527565
437,0.5625626,-0.42200944
438,0.5615616,-0.42218643
439,0.5605606,-0.35245508
440,0.5595596,-0.25578392
441,0.5585586,0.088939935
442,0.5575576,-0.40989336
443,0.5565566,-0.0031425357
444,0.5555556,-0.5848553
445,0.5545546,-1.2676983
446,0.5535536,-0.3797307
447,0.5525526,-1.0746044
448,0.5515516,-1.5203575
449,0.5505506,-1.2469003
450,0.5495496,-1.4022332
451,0.5485486,-1.7174811
452,0.5475476,-2.0801516
453,0.5465466,-1.6664482
454,0.5455456,-2.0419316
455,0.5445446,-1.9210811
456,0.5435436,-2.06571
457,0.5425426,-1.9078249
458,0.5415416,-1.1852691
459,0.5405406,-0.9027086
460,0.5395396,-1.0796542
461,0.5385385,-1.3030742
462,0.5375375,-1.9262516
463,0.5365365,-2.2408996
464,0.5355355,-1.840258
465,0.5345345,-1.8674722
466,0.5335335,-1.1337671
467,0.5325325,-0.9240596
468,0.5315315,-0.62577224
469,0.5305305,-0.5604422
470,0.5295295,-0.66284496
471,0.5285285,-0.73064023
472,0.5275275,-0.89703333
473,0.5265265,-0.7797681
474,0.5255255,-0.6857899
475,0.5245245,-0.95963764
476,0.5235235,-1.7172906
477,0.5225225,-1.7475617
478,0.5215215,-1.8581457
479,0.5205205,-1.4959224
480,0.5195195,-2.1894639
481,0.5185185,-2.334478
482,0.5175175,-2.0381093
483,0.5165165,-2.2286007
484,0.5155155,-2.035289
485,0.5145145,-2.1208553
486,0.5135135,-1.8663316
487,0.5125125,-1.5002508
488,0.5115115,-1.4726461
489,0.5105105,-1.2588701
490,0.5095095,-1.1186497
491,0.5085085,-1.7360785
492,0.5075075,-2.4563625
493,0.5065065,-2.4914298
494,0.5055055,-2.3716016
495,0.5045045,-2.2729461
496,0.5035035,-2.317157
497,0.5025025,-2.380703
498,0.5015015,-3.0050488
499,0.5005005,-3.0011652
500,0.4994995,-2.8724961
501,0.4984985,-3.152103
502,0.4974975,-3.0401905
503,0.4964965,-2.8645363
504,0.4954955,-2.9651618
505,0.4944945,-3.5367951
506,0.4934935,-3.7282333
507,0.4924925,-3.6899302
508,0.4914915,-3.1272824
509,0.4904905,-3.3202376
510,0.4894895,-3.5118294
511,0.4884885,-3.6697423
512,0.4874875,-3.5934963
513,0.48648646,-3.511715
514,0.48548546,-3.2505827
515,0.48448446,-3.111927
516,0.48348346,-3.472777
517,0.48248246,-3.7145133
518,0.48148146,-3.834864
519,0.48048046,-3.669843
520,0.47947946,-3.367673
521,0.47847846,-3.019543
522,0.47747746,-3.0579424
523,0.47647646,-3.370913
524,0.47547546,-3.1788445
525,0.47447446,-3.25857
526,0.47347346,-3.1186104
527,0.47247246,-2.8493164
528,0.47147146,-2.5385895
529,0.47047046,-2.5255187
530,0.46946946,-2.3176606
531,0.46846846,-2.1187232
532,0.46746746,-2.046558
533,0.46646646,-2.0762634
534,0.46546546,-1.9954971
535,0.46446446,-1.966014
536,0.46346346,-1.6524613
537,0.46246246,-1.6024851
538,0.46146145,-1.5530049
539,0.46046045,-1.7387662
540,0.45945945,-1.6878045
541,0.45845845,-1.99492
542,0.45745745,-2.2377446
543,0.45645645,-2.645303
544,0.45545545,-2.7689943
545,0.45445445,-2.7214992
546,0.45345345,-2.624085
547,0.45245245,-2.5852628
548,0.45145145,-2.518274
549,0.45045045,-2.3928914
550,0.44944945,-2.4088702
551,0.44844845,-2.4565964
552,0.44744745,-2.701373
553,0.44644645,-2.5963476
554,0.44544545,-2.5094764
555,0.44444445,-2.4991908
556,0.44344345,-2.7372236
557,0.44244245,-2.693242
558,0.44144145,-2.4601507
559,0.44044045,-2.5228894
560,0.43943945,-2.5826712
561,0.43843845,-2.3959024
562,0.43743744,-2.3159082
563,0.43643644,-2.417758
564,0.4354354,-2.5355258
565,0.4344344,-2.5055954
566,0.4334334,-2.628469
567,0.4324324,-2.4357915
568,0.4314314,-2.4477036
569,0.4304304,-2.4632115
570,0.4294294,-2.3601353
571,0.4284284,-2.2886114
572,0.4274274,-2.0977044
573,0.4264264,-2.188057
574,0.4254254,-2.4479322
575,0.4244244,-2.3775516
576,0.4234234,-2.630265
577,0.4224224,-2.8177383
578,0.4214214,-2.4409752
579,0.4204204,-2.7156754
580,0.4194194,-2.7296977
581,0.4184184,-2.8100283
582,0.4174174,-3.0431786
583,0.4164164,-3.0374346
584,0.4154154,-3.1908872
585,0.4144144,-3.1491585
586,0.4134134,-3.1738925
587,0.4124124,-3.363241
588,0.4114114,-3.197962
589,0.4104104,-3.0627506
590,0.4094094,-2.8881252
591,0.4084084,-2.9155922
592,0.4074074,-2.8044784
593,0.4064064,-2.685523
594,0.4054054,-2.7547686
595,0.4044044,-2.4776747
596,0.4034034,-2.5622401
597,0.4024024,-2.474721
598,0.4014014,-2.442952
599,0.4004004,-2.868836
600,0.3993994,-2.6766245
601,0.3983984,-2.5962617
602,0.3973974,-2.6414576
603,0.3963964,-2.524885
604,0.3953954,-2.3123274
605,0.3943944,-2.333713
606,0.3933934,-2.3755388
607,0.3923924,-2.3404427
608,0.3913914,-2.365488
609,0.3903904,-2.2698953
610,0.3893894,-2.4959075
611,0.3883884,-2.2898402
612,0.3873874,-2.273879
613,0.3863864,-2.0969489
614,0.3853854,-2.0187745
615,0.3843844,-1.9103559
616,0.38338336,-1.8029622
617,0.38238236,-1.5865693
618,0.38138136,-1.4688038
619,0.38038036,-1.2949691
620,0.37937936,-1.3733827
621,0.37837836,-1.4909443
622,0.37737736,-1.2647808
623,0.37637636,-1.106234
624,0.37537536,-0.795943
625,0.37437436,-0.91918886
626,0.37337336,-0.84134907
627,0.37237236,-0.99097764
628,0.37137136,-1.1149023
629,0.37037036,-1.2047237
630,0.36936936,-1.4395845
631,0.36836836,-1.5652764
632,0.36736736,-1.646899
633,0.36636636,-1.6863204
634,0.36536536,-1.7975467
635,0.36436436,-1.7244271
636,0.36336336,-1.7207515
637,0.36236235,-1.6333616
638,0.36136135,-1.5794953
639,0.36036035,-1.6913241
640,0.35935935,-1.7878067
641,0.35835835,-1.7605629
642,0.35735735,-1.4442687
643,0.35635635,-1.5170145
644,0.35535535,-1.6704447
645,0.35435435,-1.6501508
646,0.35335335,-1.7551827
647,0.35235235,-1.7102077
648,0.35135135,-1.7555925
649,0.35035035,-1.6459869
650,0.34934935,-1.6230905
651,0.34834835,-1.6358933
652,0.34734735,-1.59193
653,0.34634635,-1.6435112
654,0.34534535,-1.7366637
655,0.34434435,-1.5302309
656,0.34334335,-1.4479792
657,0.34234235,-1.6220636
658,0.34134135,-1.7132711
659,0.34034035,-1.7236753
660,0.33933935,-1.8986857
661,0.33833835,-1.8925642
662,0.33733734,-1.8754135
663,0.33633634,-1.9336019
664,0.33533534,-2.0412178
665,0.33433434,-2.0295947
666,0.33333334,-2.0985003
667,0.3323323,-2.0609126
668,0.3313313,-1.9394679
669,0.3303303,-1.8986689
670,0.3293293,-1.9402189
671,0.3283283,-1.7325577
672,0.3273273,-1.7497094
673,0.3263263,-1.7904671
674,0.3253253,-1.9678079
675,0.3243243,-2.0026727
676,0.3233233,-1.9515914
677,0.3223223,-2.0477033
678,0.3213213,-1.9909503
679,0.3203203,-2.1412342
680,0.3193193,-2.2041185
681,0.3183183,-2.2186315
682,0.3173173,-2.1190944
683,0.3163163,-2.1470566
684,0.3153153,-2.1756701
685,0.3143143,-2.2588315
686,0.3133133,-2.255855
687,0.3123123,-2.126339
688,0.3113113,-2.2264888
689,0.3103103,-2.2382126
690,0.3093093,-2.2713273
691,0.3083083,-2.275202
692,0.3073073,-2.2065067
693,0.3063063,-2.2349942
694,0.3053053,-2.2667377
695,0.3043043,-2.2958927
696,0.3033033,-2.1665099
697,0.3023023,-2.0352337
698,0.3013013,-2.170861
699,0.3003003,-2.120537
700,0.2992993,-2.0930104
701,0.2982983,-2.0892062
702,0.2972973,-2.0332165
703,0.2962963,-2.0497665
704,0.2952953,-1.9847097
705,0.2942943,-2.0495937
706,0.2932933,-2.0220888
707,0.2922923,-2.002037
708,0.2912913,-2.1226473
709,0.2902903,-2.1881661
710,0.2892893,-2.2514925
711,0.2882883,-2.3129585
712,0.2872873,-2.2626798
713,0.2862863,-2.2801511
714,0.2852853,-2.265654
715,0.2842843,-2.2339082
716,0.2832833,-2.12697
717,0.2822823,-2.234535
718,0.28128126,-2.2010643
719,0.28028026,-2.1462204
720,0.27927926,-2.1679728
721,0.27827826,-2.117466
722,0.27727726,-2.0935493
723,0.27627626,-2.170682
724,0.27527526,-2.0650008
725,0.27427426,-1.9913206
726,0.27327326,-1.8690411
727,0.27227226,-1.7742548
728,0.27127126,-1.6588547
729,0.27027026,-1.7125007
730,0.26926926,-1.7482997
731,0.26826826,-1.6748685
732,0.26726726,-1.7646031
733,0.26626626,-1.7073547
734,0.26526526,-1.6539614
735,0.26426426,-1.7136962
736,0.26326326,-1.6938016
737,0.26226225,-1.6075794
738,0.26126125,-1.776683
739,0.26026025,-1.7602869
740,0.25925925,-1.7653527
741,0.25825825,-1.7548406
742,0.25725725,-1.7155302
743,0.25625625,-1.7112749
744,0.25525525,-1.7303154
745,0.25425425,-1.7435088
746,0.25325325,-1.8211827
747,0.25225225,-1.9358052
748,0.25125125,-1.9811116
749,0.25025025,-2.0388174
750,0.24924925,-1.9446328
751,0.24824825,-1.8317246
752,0.24724725,-1.8512223
753,0.24624625,-1.9924028
754,0.24524525,-2.0525236
755,0.24424425,-2.0810661
756,0.24324323,-2.1708837
757,0.24224223,-2.0964868
758,0.24124123,-2.0690126
759,0.24024023,-2.0535715
760,0.23923923,-2.1547594
761,0.23823823,-2.0751758
762,0.23723723,-2.1051226
763,0.23623623,-2.099311
764,0.23523523,-2.172274
765,0.23423423,-2.1405342
766,0.23323323,-2.1280887
767,0.23223223,-2.157146
768,0.23123123,-2.2416692
769,0.23023023,-2.1853547
770,0.22922923,-2.2254755
771,0.22822823,-2.2475011
772,0.22722723,-2.256061
773,0.22622623,-2.2352219
774,0.22522523,-2.2275631
775,0.22422422,-2.2625496
776,0.22322322,-2.254532
777,0.22222222,-2.2837775
778,0.22122122,-2.2364721
779,0.22022022,-2.1293468
780,0.21921922,-2.1097057
781,0.21821822,-2.0128412
782,0.2172172,-2.018836
783,0.2162162,-2.086358
784,0.2152152,-2.0954225
785,0.2142142,-2.073084
786,0.2132132,-2.0483963
787,0.2122122,-2.1095304
788,0.2112112,-2.0276976
789,0.2102102,-1.9885685
790,0.2092092,-2.0307283
791,0.2082082,-1.9963653
792,0.2072072,-1.905757
793,0.2062062,-1.9218726
794,0.2052052,-1.9303722
795,0.2042042,-2.0253358
796,0.2032032,-1.9712455
797,0.2022022,-1.9435059
798,0.2012012,-1.9775587
799,0.2002002,-1.9613951
800,0.1991992,-1.9535862
801,0.1981982,-1.8898919
802,0.1971972,-1.9080138
803,0.1961962,-1.9480977
804,0.1951952,-1.8456846
805,0.1941942,-1.8395995
806,0.1931932,-1.8478997
807,0.1921922,-1.8225948
808,0.19119118,-1.8070568
809,0.19019018,-1.8539774
810,0.18918918,-1.9256166
811,0.18818818,-1.9123645
812,0.18718718,-1.9073163
813,0.18618618,-1.845791
814,0.18518518,-1.7826207
815,0.18418418,-1.8117899
816,0.18318318,-1.758133
817,0.18218218,-1.7563593
818,0.18118118,-1.7841362
819,0.18018018,-1.8742062
820,0.17917918,-1.9161333
821,0.17817818,-1.9404202
822,0.17717718,-1.8560767
823,0.17617618,-1.9132282
824,0.17517518,-1.8963104
825,0.17417417,-1.8210143
826,0.17317317,-1.8537763
827,0.17217217,-1.8420898
828,0.17117117,-1.807369
829,0.17017017,-1.7924371
830,0.16916917,-1.8456072
831,0.16816817,-1.8574629
832,0.16716717,-1.906526
833,0.16616616,-1.9393011
834,0.16516516,-2.0367968
835,0.16416416,-2.033324
836,0.16316316,-2.0448217
837,0.16216215,-2.0923545
838,0.16116115,-2.051658
839,0.16016015,-1.9759575
840,0.15915915,-1.9753164
841,0.15815815,-2.0191128
842,0.15715715,-1.9982755
843,0.15615615,-2.009568
844,0.15515515,-1.9905509
845,0.15415415,-1.9903855
846,0.15315315,-2.0234768
847,0.15215215,-2.0475085
848,0.15115115,-2.054623
849,0.15015015,-2.0875015
850,0.14914915,-2.1140852
851,0.14814815,-2.0885508
852,0.14714715,-2.036538
853,0.14614615,-1.9846873
854,0.14514515,-1.976335
855,0.14414415,-1.9219999
856,0.14314315,-1.9038742
857,0.14214215,-1.9249134
858,0.14114115,-1.8998413
859,0.14014013,-1.9392636
860,0.13913913,-1.9221281
861,0.13813813,-1.9173188
862,0.13713713,-1.9679745
863,0.13613613,-1.9770361
864,0.13513513,-1.9739494
865,0.13413413,-2.000397
866,0.13313313,-2.0070229
867,0.13213213,-1.9682566
868,0.13113113,-1.9920014
869,0.13013013,-1.9921845
870,0.12912913,-1.9843538
871,0.12812813,-1.9621408
872,0.12712713,-2.0026567
873,0.12612613,-2.0273266
874,0.12512513,-2.0247164
875,0.124124125,-2.0309086
876,0.123123124,-2.0020387
877,0.122122124,-1.9894195
878,0.121121116,-2.0074363
879,0.120120116,-2.0111544
880,0.119119115,-2.0425441
881,0.118118115,-2.0687287
882,0.117117114,-2.0869908
883,0.116116114,-2.0982885
884,0.11511511,-2.0957434
885,0.11411411,-2.0932631
886,0.11311311,-2.1188178
887,0.11211211,-2.104848
888,0.11111111,-2.1015449
889,0.11011011,-2.1112406
890,0.10910911,-2.1267734
891,0.1081081,-2.1090825
892,0.1071071,-2.1326718
893,0.1061061,-2.1033988
894,0.1051051,-2.1040142
895,0.1041041,-2.1006224
896,0.1031031,-2.061173
897,0.1021021,-2.0658317
898,0.1011011,-2.1028109
899,0.1001001,-2.0983083
900,0.0990991,-2.120956
901,0.0980981,-2.094027
902,0.0970971,-2.1108208
903,0.0960961,-2.110652
904,0.09509509,-2.1068466
905,0.09409409,-2.10805
906,0.09309309,-2.1256065
907,0.09209209,-2.1360855
908,0.09109109,-2.1554601
909,0.09009009,-2.133368
910,0.08908909,-2.1025188
911,0.08808809,-2.079691
912,0.08708709,-2.1130464
913,0.08608609,-2.0855308
914,0.08508509,-2.0826058
915,0.084084086,-2.0756845
916,0.08308308,-2.0942814
917,0.08208208,-2.1225443
918,0.08108108,-2.1376271
919,0.08008008,-2.125993
920,0.07907908,-2.123226
921,0.078078076,-2.1709218
922,0.077077076,-2.1401973
923,0.076076075,-2.1533608
924,0.075075075,-2.0931718
925,0.074074075,-2.1148412
926,0.073073074,-2.1260712
927,0.072072074,-2.1467876
928,0.07107107,-2.1376185
929,0.070070066,-2.1044111
930,0.069069065,-2.0906699
931,0.068068065,-2.064894
932,0.067067064,-2.0547035
933,0.066066064,-2.0682898
934,0.06506506,-2.0691917
935,0.06406406,-2.0838454
936,0.06306306,-2.0649612
937,0.062062062,-2.07242
938,0.061061062,-2.095006
939,0.060060058,-2.1313374
940,0.059059057,-2.14679
941,0.058058057,-2.1827695
942,0.057057057,-2.1699114
943,0.056056056,-2.16819
944,0.055055056,-2.144876
945,0.05405405,-2.1451483
946,0.05305305,-2.1486058
947,0.05205205,-2.1590672
948,0.05105105,-2.1831124
949,0.05005005,-2.2073328
950,0.04904905,-2.2013395
951,0.04804805,-2.183224
952,0.047047045,-2.1638007
953,0.046046045,-2.1502223
954,0.045045044,-2.1604488
955,0.044044044,-2.1802955
956,0.043043043,-2.1758244
957,0.042042043,-2.1787531
958,0.04104104,-2.158321
959,0.04004004,-2.1459072
960,0.039039038,-2.1401138
961,0.038038038,-2.1349444
962,0.037037037,-2.1276562
963,0.036036037,-2.1195395
964,0.035035033,-2.098324
965,0.034034032,-2.087942
966,0.033033032,-2.0954254
967,0.03203203,-2.1030946
968,0.031031031,-2.1120417
969,0.030030029,-2.0991137
970,0.029029028,-2.0863748
971,0.028028028,-2.0871313
972,0.027027026,-2.0819325
973,0.026026025,-2.0797205
974,0.025025025,-2.0920188
975,0.024024025,-2.079681
976,0.023023022,-2.0900855
977,0.022022022,-2.1095395
978,0.021021022,-2.0963778
979,0.02002002,-2.107742
980,0.019019019,-2.1016655
981,0.018018018,-2.1095119
982,0.017017016,-2.0938156
983,0.016016016,-2.1101372
984,0.015015014,-2.1027966
985,0.014014014,-2.101936
986,0.013013013,-2.0964258
987,0.012012012,-2.0871525
988,0.011011011,-2.0803297
989,0.01001001,-2.0785768
990,0.009009009,-2.0776458
991,0.008008008,-2.1084344
992,0.007007007,-2.101426
993,0.006006006,-2.1042027
994,0.005005005,-2.114385
995,0.004004004,-2.1170497
996,0.003003003,-2.1079993
997,0.002002002,-2.1031568
998,0.001001001,-2.0973275
999,0.0,-2.0743763
