index,timestep,sample
0,1.0,-115.44987
1,0.998999,-115.63111
2,0.997998,-118.99796
3,0.996997,-124.24614
4,0.995996,-119.80467
5,0.994995,-121.46632
6,0.993994,-126.213036
7,0.992993,-122.03161
8,0.991992,-108.4269
9,0.990991,-113.7507
10,0.98999,-127.07687
11,0.988989,-131.77142
12,0.987988,-121.51936
13,0.986987,-108.21219
14,0.985986,-103.72733
15,0.984985,-111.93064
16,0.983984,-111.54891
17,0.982983,-107.45271
18,0.981982,-114.6718
19,0.980981,-118.06946
20,0.97998,-114.88303
21,0.978979,-114.15925
22,0.977978,-103.5849
23,0.976977,-99.872475
24,0.975976,-114.89886
25,0.974975,-124.71623
26,0.973974,-120.37749
27,0.972973,-116.51054
28,0.971972,-106.753395
29,0.970971,-108.42612
30,0.96997,-110.44739
31,0.968969,-99.85936
32,0.967968,-101.55315
33,0.966967,-96.469086
34,0.965966,-101.98744
35,0.964965,-106.81445
36,0.963964,-109.582664
37,0.962963,-110.38905
38,0.961962,-98.05934
39,0.960961,-99.53683
40,0.95996,-96.21267
41,0.958959,-91.0678
42,0.957958,-92.853195
43,0.956957,-93.90035
44,0.955956,-95.86128
45,0.954955,-99.25312
46,0.953954,-101.54492
47,0.952953,-107.769295
48,0.951952,-101.903076
49,0.950951,-109.581635
50,0.94995,-109.493286
51,0.948949,-107.267426
52,0.9479479,-98.070465
53,0.9469469,-102.47829
54,0.9459459,-99.229355
55,0.9449449,-98.56301
56,0.9439439,-87.698235
57,0.9429429,-98.64588
58,0.9419419,-99.77527
59,0.9409409,-97.717186
60,0.9399399,-99.281166
61,0.9389389,-87.49257
62,0.9379379,-85.56949
63,0.9369369,-85.153114
64,0.9359359,-89.918915
65,0.9349349,-91.473724
66,0.9339339,-86.50661
67,0.9329329,-81.847206
68,0.9319319,-82.93509
69,0.9309309,-83.942116
70,0.9299299,-81.99705
71,0.9289289,-78.63627
72,0.9279279,-70.149765
73,0.9269269,-64.24758
74,0.9259259,-63.855198
75,0.9249249,-53.035294
76,0.9239239,-46.119556
77,0.9229229,-47.629833
78,0.9219219,-41.213715
79,0.9209209,-41.25561
80,0.9199199,-44.43287
81,0.9189189,-35.50461
82,0.9179179,-40.776455
83,0.9169169,-37.10583
84,0.9159159,-43.347744
85,0.9149149,-46.50378
86,0.9139139,-47.74425
87,0.9129129,-46.51738
88,0.9119119,-43.152397
89,0.9109109,-34.45651
90,0.9099099,-34.701927
91,0.9089089,-26.364573
92,0.9079079,-28.45254
93,0.9069069,-24.949112
94,0.9059059,-30.21579
95,0.9049049,-32.667873
96,0.9039039,-24.32513
97,0.9029029,-27.744392
98,0.9019019,-17.756283
99,0.9009009,-15.024701
100,0.8998999,-12.560801
101,0.8988989,-11.126588
102,0.8978979,-7.8378344
103,0.8968969,-5.9314713
104,0.8958959,-5.7772427
105,0.8948949,-8.290668
106,0.8938939,-2.954862
107,0.8928929,-3.635558
108,0.8918919,-2.0270972
109,0.8908909,-3.0549164
110,0.8898899,-8.321951
111,0.8888889,-1.5028138
112,0.8878879,0.707186
113,0.8868869,13.090997
114,0.8858859,10.147243
115,0.8848849,10.501996
116,0.8838839,6.80011
117,0.8828829,7.588402
118,0.8818819,6.979369
119,0.8808809,8.162395
120,0.8798799,8.825461
121,0.8788789,6.296401
122,0.8778779,7.733695
123,0.8768769,11.785853
124,0.8758759,16.007221
125,0.8748749,12.846893
126,0.8738739,10.940787
127,0.8728729,13.132341
128,0.8718719,9.600608
129,0.8708709,8.7725935
130,0.8698699,8.402156
131,0.8688689,4.5070877
132,0.8678679,2.5505943
133,0.8668669,1.2825124
134,0.8658659,1.353127
135,0.8648649,-2.4492645
136,0.8638639,-0.24916697
137,0.8628629,-3.3461938
138,0.8618619,0.8742647
139,0.8608609,4.65936
140,0.8598599,2.3505847
141,0.8588589,5.869637
142,0.8578579,10.737212
143,0.8568569,11.492683
144,0.8558559,12.040198
145,0.8548549,8.740528
146,0.8538539,8.328586
147,0.8528529,9.770349
148,0.8518519,5.152629
149,0.8508509,6.618143
150,0.8498499,5.7798505
151,0.8488489,4.6850023
152,0.8478479,-1.4101429
153,0.8468469,1.5968053
154,0.8458458,7.081278
155,0.8448448,7.27508
156,0.8438438,6.355681
157,0.8428428,3.5015726
158,0.8418418,1.4592037
159,0.8408408,0.36729622
160,0.8398398,2.936086
161,0.8388388,3.0781004
162,0.8378378,5.6895876
163,0.8368368,6.6158266
164,0.8358358,8.033331
165,0.8348348,6.0681806
166,0.8338338,5.6732535
167,0.8328328,10.441886
168,0.8318318,8.944116
169,0.8308308,14.27198
170,0.8298298,15.363993
171,0.8288288,17.994286
172,0.8278278,20.242838
173,0.8268268,22.171833
174,0.8258258,23.06808
175,0.8248248,24.311436
176,0.8238238,23.623638
177,0.8228228,23.891891
178,0.8218218,24.96524
179,0.8208208,25.363647
180,0.8198198,26.823786
181,0.8188188,29.939663
182,0.8178178,27.571589
183,0.8168168,28.940876
184,0.8158158,24.324951
185,0.8148148,24.245405
186,0.8138138,26.522337
187,0.8128128,27.58713
188,0.8118118,25.085655
189,0.8108108,23.881784
190,0.8098098,20.906282
191,0.8088088,24.452621
192,0.8078078,25.000574
193,0.8068068,24.8743
194,0.8058058,25.211473
195,0.8048048,24.0393
196,0.8038038,22.341066
197,0.8028028,24.018929
198,0.8018018,25.45129
199,0.8008008,24.896996
200,0.7997998,23.87809
201,0.7987988,22.58724
202,0.7977978,20.241413
203,0.7967968,22.959528
204,0.7957958,23.242558
205,0.7947948,25.155514
206,0.7937938,21.717648
207,0.7927928,23.760914
208,0.7917918,21.878908
209,0.7907908,19.310753
210,0.7897898,16.01172
211,0.7887888,10.997814
212,0.7877878,14.922712
213,0.7867868,13.652975
214,0.7857858,14.017683
215,0.7847848,14.139187
216,0.7837838,11.824157
217,0.7827828,14.758312
218,0.7817818,16.551344
219,0.7807808,15.927978
220,0.7797798,16.831654
221,0.7787788,17.248455
222,0.7777778,16.285938
223,0.7767768,16.759989
224,0.7757758,14.635093
225,0.7747748,9.708603
226,0.7737738,13.228676
227,0.7727728,14.892756
228,0.7717718,16.38737
229,0.7707708,15.81767
230,0.7697698,15.929771
231,0.7687688,15.168794
232,0.7677678,14.014948
233,0.7667668,13.251326
234,0.7657658,14.450329
235,0.7647648,14.211751
236,0.7637638,15.18496
237,0.7627628,14.964069
238,0.7617618,13.835769
239,0.7607608,13.797538
240,0.7597598,15.348771
241,0.7587588,12.373024
242,0.7577578,12.83516
243,0.7567568,14.158513
244,0.7557558,14.674799
245,0.7547548,13.910912
246,0.7537538,14.833813
247,0.7527528,14.278125
248,0.7517518,17.557392
249,0.7507508,16.031548
250,0.7497498,13.399049
251,0.7487488,13.642297
252,0.7477478,13.168928
253,0.7467468,15.2111
254,0.7457458,14.928939
255,0.7447448,13.751276
256,0.7437438,13.09891
257,0.7427427,11.840182
258,0.7417417,10.882178
259,0.7407407,10.155789
260,0.7397397,11.115802
261,0.7387387,11.357777
262,0.7377377,10.220795
263,0.7367367,7.9274883
264,0.7357357,11.776234
265,0.7347347,14.371774
266,0.7337337,13.246393
267,0.7327327,12.560775
268,0.7317317,13.553697
269,0.7307307,14.157474
270,0.7297297,12.498318
271,0.7287287,14.027596
272,0.7277277,14.175489
273,0.7267267,15.601163
274,0.7257257,17.436075
275,0.7247247,18.315298
276,0.7237237,18.2946
277,0.7227227,19.075455
278,0.7217217,19.729023
279,0.7207207,20.944525
280,0.7197197,19.980875
281,0.7187187,18.8486
282,0.7177177,18.70043
283,0.7167167,19.093203
284,0.7157157,17.951742
285,0.7147147,17.010294
286,0.7137137,15.459031
287,0.7127127,15.376347
288,0.7117117,17.41501
289,0.7107107,19.609411
290,0.7097097,19.182394
291,0.7087087,20.100733
292,0.7077077,19.876055
293,0.7067067,17.401447
294,0.7057057,16.336582
295,0.7047047,15.876383
296,0.7037037,14.983021
297,0.7027027,14.146135
298,0.7017017,14.386565
299,0.7007007,15.219991
300,0.6996997,15.007402
301,0.6986987,15.039434
302,0.6976977,12.410261
303,0.6966967,12.281277
304,0.6956957,12.732567
305,0.6946947,10.217032
306,0.6936937,9.230765
307,0.6926927,10.357487
308,0.6916917,10.831192
309,0.6906907,10.655362
310,0.6896897,9.597052
311,0.6886887,10.995666
312,0.6876877,10.20684
313,0.6866867,9.114601
314,0.6856857,7.330447
315,0.6846847,8.469143
316,0.6836837,9.161205
317,0.6826827,9.026019
318,0.6816817,10.249907
319,0.6806807,10.527616
320,0.6796797,8.91632
321,0.6786787,7.892729
322,0.6776777,7.1673117
323,0.6766767,7.6551213
324,0.6756757,7.8017306
325,0.6746747,9.987288
326,0.6736737,11.32832
327,0.6726727,10.493516
328,0.6716717,9.658151
329,0.6706707,9.60305
330,0.6696697,10.070333
331,0.6686687,8.479618
332,0.6676677,7.8523984
333,0.6666667,7.6401772
334,0.6656657,8.9490595
335,0.6646647,8.179954
336,0.6636637,6.4987803
337,0.6626627,6.300545
338,0.6616617,5.7103987
339,0.6606607,5.8373995
340,0.6596597,4.6688414
341,0.6586587,5.0767713
342,0.6576577,4.041682
343,0.6566567,3.017558
344,0.6556557,2.3635342
345,0.6546547,1.1348809
346,0.6536537,-0.022270083
347,0.6526527,1.5093616
348,0.6516517,1.2041981
349,0.6506507,1.9374316
350,0.6496497,0.75909936
351,0.6486487,1.7361846
352,0.6476477,1.8262372
353,0.6466467,2.5759108
354,0.6456457,2.4974074
355,0.6446447,2.779404
356,0.6436437,2.3980513
357,0.6426427,3.0899868
358,0.6416417,3.27615
359,0.6406406,3.7146573
360,0.6396396,2.5041776
361,0.6386386,2.2749057
362,0.6376376,1.7628818
363,0.6366366,1.5201876
364,0.6356356,0.31542313
365,0.6346346,0.70055354
366,0.6336336,0.26044506
367,0.6326326,0.62428856
368,0.6316316,-0.115397334
369,0.6306306,0.19641274
370,0.6296296,-0.21000654
371,0.6286286,-0.2714609
372,0.6276276,-0.4381091
373,0.6266266,-0.0022938251
374,0.6256256,-0.26790392
375,0.6246246,-0.019992992
376,0.6236236,-0.7367752
377,0.6226226,-1.3177791
378,0.6216216,-0.92554617
379,0.6206206,-0.7338544
380,0.6196196,-0.3454083
381,0.6186186,-0.26822466
382,0.6176176,-0.1700939
383,0.6166166,0.15809533
384,0.6156156,0.07642193
385,0.6146146,1.296312
386,0.6136136,1.5203676
387,0.6126126,1.2938918
388,0.6116116,0.3766291
389,0.6106106,1.2946365
390,0.6096096,1.6743276
391,0.6086086,1.8081715
392,0.6076076,2.187943
393,0.6066066,1.7723762
394,0.6056056,0.8981095
395,0.6046046,0.6903937
396,0.6036036,0.2921193
397,0.6026026,1.6831145
398,0.6016016,2.954875
399,0.6006006,2.6755662
400,0.5995996,3.6344857
401,0.5985986,3.7258947
402,0.5975976,3.0261126
403,0.5965966,2.66919
404,0.5955956,1.5095017
405,0.5945946,0.3328334
406,0.5935936,0.96227443
407,0.5925926,0.21256196
408,0.5915916,-0.093996674
409,0.5905906,0.18457302
410,0.5895896,-0.15808517
411,0.5885886,-0.067429975
412,0.5875876,-0.55671567
413,0.5865866,-0.5024215
414,0.5855856,-1.0036861
415,0.5845846,-1.5440228
416,0.5835836,-1.4498653
417,0.5825826,-2.0512314
418,0.5815816,-2.150234
419,0.5805806,-2.7509494
420,0.5795796,-2.628665
421,0.5785786,-3.2095802
422,0.5775776,-3.780569
423,0.5765766,-3.6886482
424,0.5755756,-4.46389
425,0.5745746,-3.9088628
426,0.5735736,-3.1040108
427,0.5725726,-3.0416133
428,0.5715716,-2.5999756
429,0.5705706,-2.8027349
430,0.5695696,-2.9500868
431,0.5685686,-3.1524532
432,0.5675676,-3.1804903
433,0.5665666,-3.233749
434,0.5655656,-2.9266388
435,0.5645646,-2.8868783
436,0.5635636,-2.9511971
437,0.5625626,-2.9968288
438,0.5615616,-3.5188584
439,0.5605606,-3.629097
440,0.5595596,-3.2591462
441,0.5585586,-3.1753702
442,0.5575576,-3.958202
443,0.5565566,-4.2922
444,0.5555556,-3.946332
445,0.5545546,-4.345452
446,0.5535536,-3.9688916
447,0.5525526,-3.7301502
448,0.5515516,-3.2026234
449,0.5505506,-3.3038535
450,0.5495496,-3.064397
451,0.5485486,-2.9496317
452,0.5475476,-2.7873318
453,0.5465466,-3.3449054
454,0.5455456,-3.12235
455,0.5445446,-3.5666213
456,0.5435436,-4.261912
457,0.5425426,-4.3528924
458,0.5415416,-4.953186
459,0.5405406,-4.6667585
460,0.5395396,-4.4335117
461,0.5385385,-3.8819232
462,0.5375375,-4.227813
463,0.5365365,-4.153922
464,0.5355355,-4.1440377
465,0.5345345,-3.613669
466,0.5335335,-3.3801775
467,0.5325325,-2.9972355
468,0.5315315,-3.0767272
469,0.5305305,-2.7674072
470,0.5295295,-3.016457
471,0.5285285,-3.8886554
472,0.5275275,-3.9304683
473,0.5265265,-4.348391
474,0.5255255,-5.059867
475,0.5245245,-5.612508
476,0.5235235,-5.281685
477,0.5225225,-5.1035786
478,0.5215215,-5.6229296
479,0.5205205,-5.938023
480,0.5195195,-6.505353
481,0.5185185,-6.3254266
482,0.5175175,-6.7528067
483,0.5165165,-6.7263184
484,0.5155155,-6.125163
485,0.5145145,-5.7884197
486,0.5135135,-5.6793923
487,0.5125125,-5.831844
488,0.5115115,-5.1126223
489,0.5105105,-5.455942
490,0.5095095,-4.818395
491,0.5085085,-4.798096
492,0.5075075,-4.275742
493,0.5065065,-4.4071383
494,0.5055055,-4.7459383
495,0.5045045,-4.712211
496,0.5035035,-4.5834513
497,0.5025025,-4.962824
498,0.5015015,-4.9617963
499,0.5005005,-4.989789
500,0.4994995,-5.3381805
501,0.4984985,-5.5584803
502,0.4974975,-5.723265
503,0.4964965,-5.9058924
504,0.4954955,-6.2038355
505,0.4944945,-6.4288535
506,0.4934935,-6.201306
507,0.4924925,-6.2150955
508,0.4914915,-6.138669
509,0.4904905,-6.20622
510,0.4894895,-6.0378366
511,0.4884885,-6.507233
512,0.4874875,-6.2247577
513,0.48648646,-5.9584894
514,0.48548546,-6.1678886
515,0.48448446,-5.822578
516,0.48348346,-5.720413
517,0.48248246,-5.8800592
518,0.48148146,-5.846401
519,0.48048046,-5.7271833
520,0.47947946,-5.2878323
521,0.47847846,-5.422568
522,0.47747746,-5.641875
523,0.47647646,-5.323602
524,0.47547546,-5.6695065
525,0.47447446,-5.6096683
526,0.47347346,-5.76477
527,0.47247246,-5.6370897
528,0.47147146,-5.7917666
529,0.47047046,-5.5110164
530,0.46946946,-5.5119925
531,0.46846846,-5.740964
532,0.46746746,-5.5562325
533,0.46646646,-5.3688297
534,0.46546546,-5.7546744
535,0.46446446,-6.1329403
536,0.46346346,-6.2607193
537,0.46246246,-6.261029
538,0.46146145,-6.2717357
539,0.46046045,-6.158435
540,0.45945945,-5.785056
541,0.45845845,-5.484068
542,0.45745745,-5.027411
543,0.45645645,-4.5348597
544,0.45545545,-4.206945
545,0.45445445,-4.467662
546,0.45345345,-4.674354
547,0.45245245,-4.678886
548,0.45145145,-4.9132395
549,0.45045045,-5.4240966
550,0.44944945,-5.286457
551,0.44844845,-5.467909
552,0.44744745,-5.4123874
553,0.44644645,-5.3141704
554,0.44544545,-5.304478
555,0.44444445,-5.268813
556,0.44344345,-5.590483
557,0.44244245,-5.24505
558,0.44144145,-5.114023
559,0.44044045,-5.0337896
560,0.43943945,-4.911099
561,0.43843845,-4.875729
562,0.43743744,-4.7980504
563,0.43643644,-4.71683
564,0.4354354,-4.526888
565,0.4344344,-4.3653893
566,0.4334334,-4.147635
567,0.4324324,-4.280194
568,0.4314314,-4.333516
569,0.4304304,-4.409161
570,0.4294294,-4.3345385
571,0.4284284,-4.6285434
572,0.4274274,-4.371434
573,0.4264264,-4.1371503
574,0.4254254,-4.3996983
575,0.4244244,-4.1046987
576,0.4234234,-4.3145437
577,0.4224224,-3.9886827
578,0.4214214,-3.7503462
579,0.4204204,-3.7057605
580,0.4194194,-3.4272728
581,0.4184184,-3.5472765
582,0.4174174,-3.7088296
583,0.4164164,-3.406373
584,0.4154154,-3.4556773
585,0.4144144,-3.1626883
586,0.4134134,-3.2346342
587,0.4124124,-3.4073534
588,0.4114114,-3.4138978
589,0.4104104,-3.4972851
590,0.4094094,-3.4267654
591,0.4084084,-3.4260588
592,0.4074074,-3.183472
593,0.4064064,-3.2111297
594,0.4054054,-3.091151
595,0.4044044,-2.860688
596,0.4034034,-2.8440533
597,0.4024024,-2.982234
598,0.4014014,-3.1448443
599,0.4004004,-3.3967884
600,0.3993994,-3.5387287
601,0.3983984,-3.4972332
602,0.3973974,-3.7839975
603,0.3963964,-3.5424972
604,0.3953954,-3.71254
605,0.3943944,-3.791646
606,0.3933934,-3.7833705
607,0.3923924,-3.9339302
608,0.3913914,-4.225569
609,0.3903904,-4.207283
610,0.3893894,-4.437973
611,0.3883884,-4.396961
612,0.3873874,-4.7734957
613,0.3863864,-4.797001
614,0.3853854,-4.8092933
615,0.3843844,-4.8133507
616,0.38338336,-4.946438
617,0.38238236,-4.7502174
618,0.38138136,-4.7743807
619,0.38038036,-4.826226
620,0.37937936,-4.810375
621,0.37837836,-4.9372315
622,0.37737736,-4.91251
623,0.37637636,-4.814562
624,0.37537536,-4.845601
625,0.37437436,-4.537164
626,0.37337336,-4.364396
627,0.37237236,-4.3351126
628,0.37137136,-4.0840273
629,0.37037036,-4.3684845
630,0.36936936,-4.458176
631,0.36836836,-4.405837
632,0.36736736,-4.6029186
633,0.36636636,-4.6253605
634,0.36536536,-4.5028486
635,0.36436436,-4.536162
636,0.36336336,-4.716727
637,0.36236235,-4.956076
638,0.36136135,-5.01554
639,0.36036035,-5.190056
640,0.35935935,-5.241665
641,0.35835835,-5.211206
642,0.35735735,-5.217719
643,0.35635635,-5.3948956
644,0.35535535,-5.5757084
645,0.35435435,-5.7794657
646,0.35335335,-5.8202934
647,0.35235235,-5.598849
648,0.35135135,-5.697184
649,0.35035035,-5.4752154
650,0.34934935,-5.4778285
651,0.34834835,-5.667796
652,0.34734735,-5.734194
653,0.34634635,-5.562042
654,0.34534535,-5.6920877
655,0.34434435,-5.596175
656,0.34334335,-5.599059
657,0.34234235,-5.724612
658,0.34134135,-5.6066027
659,0.34034035,-5.5740027
660,0.33933935,-5.744455
661,0.33833835,-5.8138347
662,0.33733734,-5.711886
663,0.33633634,-5.681123
664,0.33533534,-5.7286935
665,0.33433434,-5.947181
666,0.33333334,-5.957185
667,0.3323323,-5.9506683
668,0.3313313,-5.928551
669,0.3303303,-5.8999114
670,0.3293293,-5.820785
671,0.3283283,-5.6403356
672,0.3273273,-5.5937905
673,0.3263263,-5.4336033
674,0.3253253,-5.3798223
675,0.3243243,-5.285207
676,0.3233233,-5.296627
677,0.3223223,-5.1886444
678,0.3213213,-5.1760406
679,0.3203203,-5.0365667
680,0.3193193,-5.02892
681,0.3183183,-4.919399
682,0.3173173,-4.857725
683,0.3163163,-4.7206736
684,0.3153153,-4.609735
685,0.3143143,-4.781851
686,0.3133133,-4.7911696
687,0.3123123,-4.734146
688,0.3113113,-4.750202
689,0.3103103,-4.727051
690,0.3093093,-4.7944336
691,0.3083083,-4.93466
692,0.3073073,-5.01978
693,0.3063063,-4.9557185
694,0.3053053,-4.8362827
695,0.3043043,-4.8787637
696,0.3033033,-4.949298
697,0.3023023,-5.056054
698,0.3013013,-4.9898176
699,0.3003003,-4.9448705
700,0.2992993,-4.8964124
701,0.2982983,-4.7616024
702,0.2972973,-4.6287436
703,0.2962963,-4.7466393
704,0.2952953,-4.728822
705,0.2942943,-4.8251114
706,0.2932933,-4.8302765
707,0.2922923,-4.9108553
708,0.2912913,-4.8587966
709,0.2902903,-4.8471694
710,0.2892893,-4.944591
711,0.2882883,-5.0317073
712,0.2872873,-5.028752
713,0.2862863,-5.040026
714,0.2852853,-4.8936706
715,0.2842843,-4.87545
716,0.2832833,-4.8248644
717,0.2822823,-4.8343816
718,0.28128126,-4.880186
719,0.28028026,-4.870408
720,0.27927926,-4.8344264
721,0.27827826,-4.867787
722,0.27727726,-4.868182
723,0.27627626,-4.8603945
724,0.27527526,-4.825205
725,0.27427426,-4.9042845
726,0.27327326,-4.9612956
727,0.27227226,-4.9291
728,0.27127126,-4.90006
729,0.27027026,-4.920087
730,0.26926926,-4.87326
731,0.26826826,-4.9307632
732,0.26726726,-4.9066453
733,0.26626626,-5.0013113
734,0.26526526,-4.956244
735,0.26426426,-5.009083
736,0.26326326,-5.084002
737,0.26226225,-5.056333
738,0.26126125,-5.012515
739,0.26026025,-4.952363
740,0.25925925,-5.09288
741,0.25825825,-5.007627
742,0.25725725,-5.0822916
743,0.25625625,-5.197587
744,0.25525525,-5.2104926
745,0.25425425,-5.287275
746,0.25325325,-5.3845477
747,0.25225225,-5.39272
748,0.25125125,-5.369832
749,0.25025025,-5.4123516
750,0.24924925,-5.4150267
751,0.24824825,-5.3021955
752,0.24724725,-5.3642216
753,0.24624625,-5.3812976
754,0.24524525,-5.410779
755,0.24424425,-5.4483476
756,0.24324323,-5.392689
757,0.24224223,-5.378984
758,0.24124123,-5.419415
759,0.24024023,-5.4037666
760,0.23923923,-5.3766837
761,0.23823823,-5.400935
762,0.23723723,-5.3919015
763,0.23623623,-5.3350353
764,0.23523523,-5.336618
765,0.23423423,-5.345783
766,0.23323323,-5.318509
767,0.23223223,-5.348124
768,0.23123123,-5.421476
769,0.23023023,-5.468357
770,0.22922923,-5.451666
771,0.22822823,-5.450594
772,0.22722723,-5.4567122
773,0.22622623,-5.4055395
774,0.22522523,-5.4447536
775,0.22422422,-5.459241
776,0.22322322,-5.3809576
777,0.22222222,-5.396172
778,0.22122122,-5.3471937
779,0.22022022,-5.326635
780,0.21921922,-5.2607474
781,0.21821822,-5.246501
782,0.2172172,-5.2321362
783,0.2162162,-5.2244625
784,0.2152152,-5.182061
785,0.2142142,-5.159845
786,0.2132132,-5.2202578
787,0.2122122,-5.2066603
788,0.2112112,-5.1642485
789,0.2102102,-5.1271677
790,0.2092092,-5.1142306
791,0.2082082,-5.075704
792,0.2072072,-5.0411034
793,0.2062062,-5.1065445
794,0.2052052,-5.099396
795,0.2042042,-5.135558
796,0.2032032,-5.138907
797,0.2022022,-5.2123766
798,0.2012012,-5.318314
799,0.2002002,-5.313172
800,0.1991992,-5.376607
801,0.1981982,-5.4213166
802,0.1971972,-5.443589
803,0.1961962,-5.475091
804,0.1951952,-5.534607
805,0.1941942,-5.5899487
806,0.1931932,-5.636355
807,0.1921922,-5.561337
808,0.19119118,-5.5479164
809,0.19019018,-5.596189
810,0.18918918,-5.555241
811,0.18818818,-5.592443
812,0.18718718,-5.6303434
813,0.18618618,-5.6306877
814,0.18518518,-5.693786
815,0.18418418,-5.722843
816,0.18318318,-5.66273
817,0.18218218,-5.7151275
818,0.18118118,-5.724008
819,0.18018018,-5.7378383
820,0.17917918,-5.7049675
821,0.17817818,-5.6950235
822,0.17717718,-5.6169724
823,0.17617618,-5.640678
824,0.17517518,-5.646209
825,0.17417417,-5.6456113
826,0.17317317,-5.6422353
827,0.17217217,-5.6858687
828,0.17117117,-5.6530557
829,0.17017017,-5.640087
830,0.16916917,-5.608829
831,0.16816817,-5.620555
832,0.16716717,-5.6077166
833,0.16616616,-5.5418634
834,0.16516516,-5.590435
835,0.16416416,-5.648673
836,0.16316316,-5.653824
837,0.16216215,-5.6891894
838,0.16116115,-5.676949
839,0.16016015,-5.734757
840,0.15915915,-5.759873
841,0.15815815,-5.7718515
842,0.15715715,-5.794514
843,0.15615615,-5.84434
844,0.15515515,-5.8358774
845,0.15415415,-5.814871
846,0.15315315,-5.788902
847,0.15215215,-5.739845
848,0.15115115,-5.7252088
849,0.15015015,-5.699216
850,0.14914915,-5.7272415
851,0.14814815,-5.7195582
852,0.14714715,-5.7526627
853,0.14614615,-5.7089057
854,0.14514515,-5.6843534
855,0.14414415,-5.6591682
856,0.14314315,-5.666031
857,0.14214215,-5.6598067
858,0.14114115,-5.6289673
859,0.14014013,-5.6385345
860,0.13913913,-5.6114936
861,0.13813813,-5.619168
862,0.13713713,-5.6012087
863,0.13613613,-5.6039624
864,0.13513513,-5.5826817
865,0.13413413,-5.53507
866,0.13313313,-5.544452
867,0.13213213,-5.569319
868,0.13113113,-5.5763474
869,0.13013013,-5.5889053
870,0.12912913,-5.6538606
871,0.12812813,-5.6625586
872,0.12712713,-5.694772
873,0.12612613,-5.7132564
874,0.12512513,-5.7131124
875,0.124124125,-5.7668214
876,0.123123124,-5.79616
877,0.122122124,-5.756324
878,0.121121116,-5.7317953
879,0.120120116,-5.7111735
880,0.119119115,-5.676444
881,0.118118115,-5.685896
882,0.117117114,-5.6746416
883,0.116116114,-5.6505747
884,0.11511511,-5.649464
885,0.11411411,-5.6722674
886,0.11311311,-5.672224
887,0.11211211,-5.636879
888,0.11111111,-5.6548347
889,0.11011011,-5.682039
890,0.10910911,-5.645123
891,0.1081081,-5.6625443
892,0.1071071,-5.6492386
893,0.1061061,-5.66475
894,0.1051051,-5.6815243
895,0.1041041,-5.6927557
896,0.1031031,-5.677586
897,0.1021021,-5.6587825
898,0.1011011,-5.63103
899,0.1001001,-5.627925
900,0.0990991,-5.6481457
901,0.0980981,-5.6547155
902,0.0970971,-5.6327133
903,0.0960961,-5.626349
904,0.09509509,-5.6016736
905,0.09409409,-5.627801
906,0.09309309,-5.605234
907,0.09209209,-5.6165075
908,0.09109109,-5.650231
909,0.09009009,-5.6257963
910,0.08908909,-5.583736
911,0.08808809,-5.589291
912,0.08708709,-5.5866127
913,0.08608609,-5.6060944
914,0.08508509,-5.6168656
915,0.084084086,-5.6233077
916,0.08308308,-5.640606
917,0.08208208,-5.6515594
918,0.08108108,-5.666527
919,0.08008008,-5.6812844
920,0.07907908,-5.6391463
921,0.078078076,-5.629852
922,0.077077076,-5.599424
923,0.076076075,-5.597282
924,0.075075075,-5.6245594
925,0.074074075,-5.643303
926,0.073073074,-5.6532063
927,0.072072074,-5.6711135
928,0.07107107,-5.6478953
929,0.070070066,-5.6745367
930,0.069069065,-5.6558
931,0.068068065,-5.6343164
932,0.067067064,-5.637682
933,0.066066064,-5.6512365
934,0.06506506,-5.6383095
935,0.06406406,-5.6194005
936,0.06306306,-5.626588
937,0.062062062,-5.598042
938,0.061061062,-5.5843763
939,0.060060058,-5.5905576
940,0.059059057,-5.578044
941,0.058058057,-5.5759525
942,0.057057057,-5.5665765
943,0.056056056,-5.5595117
944,0.055055056,-5.5739784
945,0.05405405,-5.5416884
946,0.05305305,-5.52328
947,0.05205205,-5.5194416
948,0.05105105,-5.4959083
949,0.05005005,-5.5040627
950,0.04904905,-5.5034504
951,0.04804805,-5.5253663
952,0.047047045,-5.514502
953,0.046046045,-5.5087433
954,0.045045044,-5.494116
955,0.044044044,-5.489035
956,0.043043043,-5.5001497
957,0.042042043,-5.526312
958,0.04104104,-5.5422354
959,0.04004004,-5.529729
960,0.039039038,-5.5318017
961,0.038038038,-5.5310645
962,0.037037037,-5.5559707
963,0.036036037,-5.533261
964,0.035035033,-5.5356936
965,0.034034032,-5.5398917
966,0.033033032,-5.5672755
967,0.03203203,-5.5775323
968,0.031031031,-5.583017
969,0.030030029,-5.5979514
970,0.029029028,-5.5920978
971,0.028028028,-5.5983114
972,0.027027026,-5.613025
973,0.026026025,-5.5907373
974,0.025025025,-5.598759
975,0.024024025,-5.590804
976,0.023023022,-5.6120095
977,0.022022022,-5.6369214
978,0.021021022,-5.6484737
979,0.02002002,-5.6529574
980,0.019019019,-5.6552563
981,0.018018018,-5.67685
982,0.017017016,-5.6944776
983,0.016016016,-5.715253
984,0.015015014,-5.727715
985,0.014014014,-5.7329497
986,0.013013013,-5.73856
987,0.012012012,-5.720764
988,0.011011011,-5.71243
989,0.01001001,-5.7186604
990,0.009009009,-5.720406
991,0.008008008,-5.710628
992,0.007007007,-5.7007318
993,0.006006006,-5.710486
994,0.005005005,-5.6822267
995,0.004004004,-5.6650043
996,0.003003003,-5.6666
997,0.002002002,-5.6777353
998,0.001001001,-5.6709123
999,0.0,-5.6759415
