index,timestep,Offset_Tr_X,Offset_Tr_Y,Offset_Tr_Z,accumulated_integrand:TotalIntegrand,accumulated_integrand:FlowIntegrand
0,0.0,0.0,0.0,0.0,0.6121063,0.0004094828
1,0.000100000005,-0.00083047943,0.004143066,-0.0007558373,0.6121063,0.0004094828
2,0.00020000001,-0.0016609589,0.008286132,-0.0015116746,0.6121063,0.0004094828
3,0.0003,-0.0024914383,0.012429197,-0.002267512,0.6121063,0.0004094828
4,0.00040000002,-0.0033219177,0.016572263,-0.0030233492,0.6121063,0.0004094828
5,0.0005,-0.004152397,0.020715328,-0.0037791864,0.6121063,0.0004094828
6,0.0006,-0.0049828766,0.024858395,-0.004535024,0.6121063,0.0004094828
7,0.00070000003,-0.005813356,0.02900146,-0.005290861,0.6121063,0.0004094828
8,0.00080000004,-0.0066438355,0.033144526,-0.0060466984,0.6121063,0.0004094828
9,0.00090000004,-0.007474315,0.03728759,-0.006802535,0.6121063,0.0004094828
10,0.001,-0.008304794,0.041430656,-0.007558373,0.6121063,0.0004094828
11,0.0035615386,-0.010708079,0.054721348,-0.010603264,2.243153,0.011845387
12,0.006123077,-0.013111364,0.068012044,-0.013648156,2.243153,0.011845387
13,0.008684616,-0.015514649,0.08130273,-0.016693048,2.243153,0.011845387
14,0.011246154,-0.017917935,0.09459343,-0.01973794,2.243153,0.011845387
15,0.013807693,-0.020321218,0.10788412,-0.02278283,2.243153,0.011845387
16,0.016369231,-0.022724504,0.12117481,-0.025827723,2.243153,0.011845387
17,0.018930769,-0.025127789,0.1344655,-0.028872613,2.243153,0.011845387
18,0.021492308,-0.027531072,0.1477562,-0.03191751,2.243153,0.011845387
19,0.024053846,-0.029934358,0.16104688,-0.034962397,2.243153,0.011845387
20,0.026615385,-0.032337643,0.17433758,-0.03800729,2.243153,0.011845387
21,0.029176923,-0.039901696,0.18597773,-0.04281714,3.6150017,0.025949758
22,0.03173846,-0.047465745,0.19761789,-0.047627,3.6150017,0.025949758
23,0.0343,-0.0550298,0.20925802,-0.05243685,3.6150017,0.025949758
24,0.03686154,-0.06259385,0.22089818,-0.057246707,3.6150017,0.025949758
25,0.03942308,-0.0701579,0.23253831,-0.062056556,3.6150017,0.025949758
26,0.041984614,-0.07772195,0.24417847,-0.06686641,3.6150017,0.025949758
27,0.044546153,-0.08528599,0.2558186,-0.07167626,3.6150017,0.025949758
28,0.047107693,-0.09285005,0.26745877,-0.07648612,3.6150017,0.025949758
29,0.04966923,-0.1004141,0.2790989,-0.08129597,3.6150017,0.025949758
30,0.052230768,-0.10797815,0.29073906,-0.08610582,3.6150017,0.025949758
31,0.054792307,-0.11040004,0.29350546,-0.09033046,3.6810784,0.042322867
32,0.057353847,-0.112821944,0.29627192,-0.094555095,3.6810784,0.042322867
33,0.059915386,-0.11524384,0.29903832,-0.09877972,3.6810784,0.042322867
34,0.062476926,-0.11766574,0.30180472,-0.103004366,3.6810784,0.042322867
35,0.06503846,-0.12008763,0.30457115,-0.107228994,3.6810784,0.042322867
36,0.0676,-0.12250953,0.30733758,-0.11145364,3.6810784,0.042322867
37,0.07016154,-0.124931425,0.31010398,-0.115678266,3.6810784,0.042322867
38,0.072723076,-0.12735333,0.3128704,-0.1199029,3.6810784,0.042322867
39,0.075284615,-0.12977521,0.3156368,-0.12412753,3.6810784,0.042322867
40,0.077846155,-0.13219711,0.31840324,-0.12835217,3.6810784,0.042322867
41,0.08040769,-0.1327712,0.3218903,-0.12679121,3.6365967,0.061476603
42,0.08296923,-0.13334529,0.32537735,-0.12523027,3.6365967,0.061476603
43,0.08553077,-0.13391937,0.32886437,-0.12366933,3.6365967,0.061476603
44,0.08809231,-0.13449347,0.33235145,-0.122108385,3.6365967,0.061476603
45,0.09065385,-0.13506755,0.33583844,-0.12054743,3.6365967,0.061476603
46,0.09321539,-0.13564163,0.3393255,-0.11898649,3.6365967,0.061476603
47,0.09577692,-0.13621572,0.34281254,-0.11742553,3.6365967,0.061476603
48,0.09833847,-0.13678981,0.3462996,-0.11586459,3.6365967,0.061476603
49,0.100899994,-0.13736388,0.3497866,-0.11430364,3.6365967,0.061476603
50,0.10346154,-0.13793798,0.35327366,-0.11274269,3.6365967,0.061476603
51,0.10602307,-0.13693997,0.37044775,-0.10753083,4.52392,0.08431301
52,0.10858463,-0.135942,0.38762188,-0.10231897,4.52392,0.08431301
53,0.11114616,-0.13494399,0.40479594,-0.097107105,4.52392,0.08431301
54,0.1137077,-0.13394602,0.42197007,-0.091895245,4.52392,0.08431301
55,0.11626923,-0.13294801,0.43914413,-0.086683385,4.52392,0.08431301
56,0.118830785,-0.13195002,0.45631826,-0.081471525,4.52392,0.08431301
57,0.12139231,-0.13095203,0.47349232,-0.07625966,4.52392,0.08431301
58,0.12395386,-0.12995404,0.49066645,-0.0710478,4.52392,0.08431301
59,0.12651539,-0.12895603,0.5078405,-0.06583594,4.52392,0.08431301
60,0.12907693,-0.12795804,0.52501464,-0.060624074,4.52392,0.08431301
61,0.13163847,-0.13228688,0.5288453,-0.054170426,4.4213996,0.11071689
62,0.1342,-0.13661572,0.532676,-0.047716774,4.4213996,0.11071689
63,0.13676155,-0.14094454,0.5365066,-0.041263126,4.4213996,0.11071689
64,0.13932309,-0.14527339,0.54033726,-0.034809478,4.4213996,0.11071689
65,0.14188462,-0.14960222,0.5441679,-0.028355826,4.4213996,0.11071689
66,0.14444616,-0.15393107,0.5479986,-0.021902177,4.4213996,0.11071689
67,0.1470077,-0.15825988,0.5518292,-0.015448528,4.4213996,0.11071689
68,0.14956923,-0.16258873,0.5556599,-0.008994877,4.4213996,0.11071689
69,0.15213077,-0.16691756,0.5594905,-0.0025412284,4.4213996,0.11071689
70,0.1546923,-0.1712464,0.5633212,0.0039124214,4.4213996,0.11071689
71,0.15725383,-0.18022688,0.5764347,0.009086145,4.9205494,0.1409283
72,0.15981539,-0.18920735,0.58954823,0.014259869,4.9205494,0.1409283
73,0.16237693,-0.19818783,0.60266167,0.019433595,4.9205494,0.1409283
74,0.16493845,-0.20716831,0.6157752,0.024607318,4.9205494,0.1409283
75,0.16749999,-0.21614876,0.6288887,0.029781042,4.9205494,0.1409283
76,0.17006153,-0.22512925,0.6420022,0.034954768,4.9205494,0.1409283
77,0.17262307,-0.23410973,0.6551157,0.040128488,4.9205494,0.1409283
78,0.17518461,-0.2430902,0.6682292,0.045302216,4.9205494,0.1409283
79,0.17774615,-0.25207067,0.6813427,0.050475933,4.9205494,0.1409283
80,0.18030769,-0.26105115,0.6944562,0.05564966,4.9205494,0.1409283
81,0.18286921,-0.2561816,0.708706,0.05486937,5.227308,0.17660889
82,0.18543077,-0.25131208,0.7229559,0.054089084,5.227308,0.17660889
83,0.1879923,-0.24644256,0.7372057,0.053308792,5.227308,0.17660889
84,0.19055384,-0.24157304,0.7514555,0.052528508,5.227308,0.17660889
85,0.19311538,-0.23670349,0.7657053,0.051748216,5.227308,0.17660889
86,0.19567692,-0.23183396,0.77995515,0.05096793,5.227308,0.17660889
87,0.19823846,-0.22696443,0.79420495,0.05018764,5.227308,0.17660889
88,0.2008,-0.2220949,0.80845475,0.049407348,5.227308,0.17660889
89,0.20336153,-0.21722537,0.8227045,0.04862706,5.227308,0.17660889
90,0.20592308,-0.21235584,0.83695436,0.04784677,5.227308,0.17660889
91,0.2084846,-0.22527829,0.85920215,0.04525516,6.012064,0.21686693
92,0.21104616,-0.23820072,0.88145,0.042663552,6.012064,0.21686693
93,0.2136077,-0.2511232,0.90369785,0.040071942,6.012064,0.21686693
94,0.21616924,-0.26404566,0.92594564,0.037480332,6.012064,0.21686693
95,0.21873078,-0.2769681,0.94819343,0.03488872,6.012064,0.21686693
96,0.22129232,-0.28989053,0.9704412,0.03229711,6.012064,0.21686693
97,0.22385384,-0.302813,0.992689,0.029705498,6.012064,0.21686693
98,0.2264154,-0.31573543,1.0149369,0.027113888,6.012064,0.21686693
99,0.2289769,-0.32865787,1.0371847,0.024522277,6.012064,0.21686693
100,0.23153846,-0.34158033,1.0594325,0.021930667,6.012064,0.21686693
101,0.23409998,-0.35561115,1.0741547,0.028412238,6.303356,0.26301372
102,0.23666155,-0.36964202,1.0888771,0.03489381,6.303356,0.26301372
103,0.23922308,-0.38367283,1.1035993,0.04137538,6.303356,0.26301372
104,0.24178462,-0.3977037,1.1183215,0.04785695,6.303356,0.26301372
105,0.24434614,-0.41173452,1.1330438,0.05433852,6.303356,0.26301372
106,0.24690771,-0.4257654,1.1477661,0.060820095,6.303356,0.26301372
107,0.24946922,-0.43979618,1.1624883,0.06730166,6.303356,0.26301372
108,0.25203076,-0.45382705,1.1772106,0.073783234,6.303356,0.26301372
109,0.2545923,-0.46785784,1.1919328,0.0802648,6.303356,0.26301372
110,0.25715384,-0.4818887,1.2066551,0.08674637,6.303356,0.26301372
111,0.25971538,-0.48221788,1.2078071,0.07920349,6.1096606,0.31655678
112,0.26227692,-0.48254713,1.2089591,0.07166061,6.1096606,0.31655678
113,0.26483846,-0.4828763,1.2101111,0.06411772,6.1096606,0.31655678
114,0.26740003,-0.48320556,1.2112632,0.05657484,6.1096606,0.31655678
115,0.26996154,-0.4835347,1.2124152,0.049031954,6.1096606,0.31655678
116,0.2725231,-0.48386392,1.2135673,0.04148907,6.1096606,0.31655678
117,0.2750846,-0.48419312,1.2147193,0.033946186,6.1096606,0.31655678
118,0.27764615,-0.48452234,1.2158712,0.0264033,6.1096606,0.31655678
119,0.2802077,-0.48485148,1.2170233,0.018860418,6.1096606,0.31655678
120,0.28276923,-0.4851807,1.2181753,0.011317533,6.1096606,0.31655678
121,0.28533077,-0.47269198,1.2689712,-0.012607288,7.2632275,0.37372705
122,0.2878923,-0.46020335,1.3197672,-0.036532108,7.2632275,0.37372705
123,0.29045385,-0.44771463,1.3705633,-0.060456935,7.2632275,0.37372705
124,0.29301542,-0.43522596,1.4213592,-0.08438175,7.2632275,0.37372705
125,0.29557693,-0.42273724,1.4721551,-0.10830657,7.2632275,0.37372705
126,0.2981385,-0.41024858,1.5229511,-0.1322314,7.2632275,0.37372705
127,0.3007,-0.39775988,1.5737472,-0.15615621,7.2632275,0.37372705
128,0.30326155,-0.3852712,1.6245431,-0.18008104,7.2632275,0.37372705
129,0.3058231,-0.37278247,1.675339,-0.20400585,7.2632275,0.37372705
130,0.30838463,-0.3602938,1.726135,-0.22793068,7.2632275,0.37372705
131,0.31094617,-0.35196003,1.7471339,-0.23846662,7.478931,0.43582922
132,0.3135077,-0.3436263,1.7681328,-0.24900258,7.478931,0.43582922
133,0.31606925,-0.33529255,1.7891316,-0.25953853,7.478931,0.43582922
134,0.31863078,-0.32695878,1.8101306,-0.2700745,7.478931,0.43582922
135,0.32119232,-0.31862503,1.8311294,-0.2806104,7.478931,0.43582922
136,0.32375386,-0.31029126,1.8521284,-0.29114637,7.478931,0.43582922
137,0.3263154,-0.3019575,1.8731272,-0.30168232,7.478931,0.43582922
138,0.3288769,-0.29362375,1.894126,-0.31221828,7.478931,0.43582922
139,0.33143845,-0.28528997,1.9151249,-0.3227542,7.478931,0.43582922
140,0.334,-0.27695623,1.9361238,-0.33329016,7.478931,0.43582922
141,0.33656153,-0.26654765,1.9919205,-0.30830914,8.211292,0.50911486
142,0.33912307,-0.2561391,2.0477173,-0.28332812,8.211292,0.50911486
143,0.3416846,-0.24573049,2.1035142,-0.2583471,8.211292,0.50911486
144,0.34424615,-0.23532194,2.1593108,-0.23336607,8.211292,0.50911486
145,0.3468077,-0.22491336,2.2151074,-0.20838504,8.211292,0.50911486
146,0.34936923,-0.21450478,2.2709043,-0.18340403,8.211292,0.50911486
147,0.35193077,-0.2040962,2.3267012,-0.15842299,8.211292,0.50911486
148,0.3544923,-0.19368763,2.3824978,-0.13344197,8.211292,0.50911486
149,0.35705385,-0.18327905,2.4382944,-0.10846094,8.211292,0.50911486
150,0.3596154,-0.17287047,2.4940913,-0.08347992,8.211292,0.50911486
151,0.36217692,-0.19371244,2.5344498,-0.037674803,8.601961,0.5888135
152,0.36473846,-0.21455441,2.5748084,0.0081303045,8.601961,0.5888135
153,0.3673,-0.23539639,2.6151671,0.053935412,8.601961,0.5888135
154,0.36986154,-0.25623834,2.6555257,0.09974052,8.601961,0.5888135
155,0.37242308,-0.27708033,2.6958842,0.14554563,8.601961,0.5888135
156,0.37498462,-0.2979223,2.7362428,0.19135074,8.601961,0.5888135
157,0.37754616,-0.31876424,2.776601,0.23715584,8.601961,0.5888135
158,0.3801077,-0.33960623,2.8169599,0.28296098,8.601961,0.5888135
159,0.38266924,-0.36044818,2.8573184,0.32876605,8.601961,0.5888135
160,0.38523078,-0.38129017,2.897677,0.37457117,8.601961,0.5888135
161,0.38779232,-0.40365404,2.940802,0.4166073,8.95469,0.6805482
162,0.39035386,-0.4260179,2.9839275,0.45864344,8.95469,0.6805482
163,0.3929154,-0.44838178,3.0270524,0.50067955,8.95469,0.6805482
164,0.39547694,-0.47074568,3.070178,0.54271567,8.95469,0.6805482
165,0.39803845,-0.49310952,3.1133032,0.58475184,8.95469,0.6805482
166,0.40060002,-0.5154734,3.1564283,0.62678796,8.95469,0.6805482
167,0.40316153,-0.53783727,3.1995535,0.6688241,8.95469,0.6805482
168,0.40572307,-0.56020117,3.2426789,0.7108602,8.95469,0.6805482
169,0.4082846,-0.582565,3.285804,0.7528963,8.95469,0.6805482
170,0.41084614,-0.6049289,3.3289292,0.7949325,8.95469,0.6805482
171,0.41340768,-0.6038964,3.3484662,0.7804832,9.011851,0.78397197
172,0.41596922,-0.60286397,3.368003,0.76603395,9.011851,0.78397197
173,0.41853076,-0.60183144,3.3875399,0.7515847,9.011851,0.78397197
174,0.4210923,-0.60079896,3.4070768,0.7371354,9.011851,0.78397197
175,0.42365384,-0.5997665,3.4266133,0.7226862,9.011851,0.78397197
176,0.4262154,-0.598734,3.4461503,0.7082369,9.011851,0.78397197
177,0.42877692,-0.59770155,3.4656873,0.6937876,9.011851,0.78397197
178,0.43133846,-0.5966691,3.485224,0.67933834,9.011851,0.78397197
179,0.4339,-0.59563655,3.5047607,0.66488904,9.011851,0.78397197
180,0.43646154,-0.5946041,3.5242977,0.6504398,9.011851,0.78397197
181,0.43902308,-0.5834592,3.6027052,0.7000391,9.517997,0.90197694
182,0.44158462,-0.5723143,3.681113,0.7496383,9.517997,0.90197694
183,0.44414616,-0.5611694,3.7595205,0.7992376,9.517997,0.90197694
184,0.44670773,-0.5500245,3.8379283,0.8488369,9.517997,0.90197694
185,0.44926924,-0.53887963,3.9163356,0.8984362,9.517997,0.90197694
186,0.4518308,-0.52773476,3.9947433,0.9480355,9.517997,0.90197694
187,0.4543923,-0.5165898,4.0731506,0.9976347,9.517997,0.90197694
188,0.45695385,-0.50544494,4.1515584,1.0472339,9.517997,0.90197694
189,0.4595154,-0.4943,4.2299657,1.0968331,9.517997,0.90197694
190,0.46207693,-0.48315513,4.3083735,1.1464325,9.517997,0.90197694
191,0.46463847,-0.5126272,4.3477798,1.0873165,9.879163,1.0465698
192,0.4672,-0.5420993,4.3871865,1.0282007,9.879163,1.0465698
193,0.46976155,-0.57157135,4.426593,0.96908486,9.879163,1.0465698
194,0.47232312,-0.60104346,4.465999,0.90996903,9.879163,1.0465698
195,0.47488463,-0.6305155,4.5054054,0.85085315,9.879163,1.0465698
196,0.47744614,-0.6599876,4.544812,0.7917373,9.879163,1.0465698
197,0.48000768,-0.6894597,4.5842185,0.73262143,9.879163,1.0465698
198,0.48256925,-0.7189318,4.623625,0.67350554,9.879163,1.0465698
199,0.48513076,-0.7484038,4.663031,0.61438966,9.879163,1.0465698
200,0.4876923,-0.7778759,4.702438,0.5552738,9.879163,1.0465698
201,0.49025384,-0.86647624,4.720957,0.5928084,9.890812,1.1943055
202,0.4928154,-0.9550767,4.7394753,0.6303431,9.890812,1.1943055
203,0.49537688,-1.043677,4.7579947,0.6678778,9.890812,1.1943055
204,0.49793845,-1.1322774,4.776513,0.70541245,9.890812,1.1943055
205,0.50049996,-1.2208776,4.795032,0.7429471,9.890812,1.1943055
206,0.50306153,-1.309478,4.813551,0.78048176,9.890812,1.1943055
207,0.50562304,-1.3980784,4.83207,0.8180164,9.890812,1.1943055
208,0.5081846,-1.4866788,4.8505883,0.8555511,9.890812,1.1943055
209,0.5107461,-1.5752791,4.8691072,0.8930858,9.890812,1.1943055
210,0.5133077,-1.6638795,4.887626,0.93062043,9.890812,1.1943055
211,0.5158692,-1.6436893,5.039679,0.8527131,10.917988,1.3521165
212,0.51843077,-1.6234993,5.1917324,0.77480584,10.917988,1.3521165
213,0.5209923,-1.603309,5.3437853,0.6968985,10.917988,1.3521165
214,0.52355385,-1.5831189,5.495838,0.61899126,10.917988,1.3521165
215,0.5261154,-1.5629287,5.647891,0.54108393,10.917988,1.3521165
216,0.5286769,-1.5427387,5.7999444,0.46317667,10.917988,1.3521165
217,0.53123844,-1.5225484,5.951997,0.38526934,10.917988,1.3521165
218,0.5338,-1.5023583,6.1040506,0.30736208,10.917988,1.3521165
219,0.5363615,-1.4821681,6.2561035,0.22945477,10.917988,1.3521165
220,0.5389231,-1.461978,6.4081564,0.15154748,10.917988,1.3521165
221,0.5414846,-1.4796745,6.529415,0.09054455,11.623018,1.5450217
222,0.54404616,-1.4973711,6.650674,0.029541641,11.623018,1.5450217
223,0.5466077,-1.5150676,6.771932,-0.0314613,11.623018,1.5450217
224,0.54916924,-1.5327642,6.8931913,-0.0924642,11.623018,1.5450217
225,0.55173075,-1.5504607,7.0144496,-0.15346712,11.623018,1.5450217
226,0.5542923,-1.5681572,7.135709,-0.21447006,11.623018,1.5450217
227,0.55685383,-1.5858538,7.2569666,-0.27547297,11.623018,1.5450217
228,0.5594154,-1.6035503,7.378226,-0.33647588,11.623018,1.5450217
229,0.5619769,-1.6212468,7.499484,-0.3974788,11.623018,1.5450217
230,0.5645385,-1.6389434,7.620743,-0.45848173,11.623018,1.5450217
231,0.5671,-1.6575487,7.8329673,-0.36291072,12.695258,1.808788
232,0.56966156,-1.676154,8.045192,-0.26733974,12.695258,1.808788
233,0.57222307,-1.6947594,8.257416,-0.17176877,12.695258,1.808788
234,0.57478464,-1.7133646,8.469641,-0.07619779,12.695258,1.808788
235,0.57734615,-1.7319698,8.681866,0.019373208,12.695258,1.808788
236,0.5799077,-1.7505753,8.89409,0.114944205,12.695258,1.808788
237,0.5824692,-1.7691804,9.106314,0.21051516,12.695258,1.808788
238,0.58503073,-1.7877858,9.318539,0.30608618,12.695258,1.808788
239,0.58759224,-1.806391,9.530763,0.40165716,12.695258,1.808788
240,0.5901538,-1.8249964,9.742988,0.49722815,12.695258,1.808788
241,0.5927153,-1.8740854,9.869436,0.55265784,13.298394,2.1416988
242,0.5952769,-1.9231744,9.995886,0.60808766,13.298394,2.1416988
243,0.5978384,-1.9722635,10.1223345,0.66351736,13.298394,2.1416988
244,0.6004,-2.0213525,10.248784,0.71894705,13.298394,2.1416988
245,0.60296154,-2.0704415,10.375233,0.7743768,13.298394,2.1416988
246,0.60552305,-2.1195307,10.501682,0.82980657,13.298394,2.1416988
247,0.60808456,-2.1686196,10.628131,0.88523626,13.298394,2.1416988
248,0.6106461,-2.2177086,10.7545805,0.940666,13.298394,2.1416988
249,0.61320764,-2.2667975,10.881028,0.9960957,13.298394,2.1416988
250,0.6157692,-2.3158867,11.007478,1.0515255,13.298394,2.1416988
251,0.6183307,-2.5261517,11.285817,0.85693496,14.831096,2.6884406
252,0.6208923,-2.7364168,11.5641575,0.66234446,14.831096,2.6884406
253,0.62345386,-2.946682,11.842497,0.46775398,14.831096,2.6884406
254,0.6260154,-3.1569471,12.120837,0.27316347,14.831096,2.6884406
255,0.6285769,-3.3672123,12.399177,0.07857299,14.831096,2.6884406
256,0.63113844,-3.5774772,12.677517,-0.11601752,14.831096,2.6884406
257,0.6337,-3.7877424,12.955856,-0.31060797,14.831096,2.6884406
258,0.6362616,-3.9980075,13.234196,-0.50519854,14.831096,2.6884406
259,0.63882303,-4.2082725,13.512536,-0.699789,14.831096,2.6884406
260,0.6413846,-4.4185376,13.790875,-0.8943795,14.831096,2.6884406
261,0.6439461,-4.3030405,14.060574,-1.0858787,16.54502,3.640509
262,0.64650774,-4.1875434,14.330273,-1.2773781,16.54502,3.640509
263,0.6490692,-4.0720463,14.599971,-1.4688773,16.54502,3.640509
264,0.65163076,-3.956549,14.869669,-1.6603765,16.54502,3.640509
265,0.6541923,-3.8410516,15.139366,-1.8518758,16.54502,3.640509
266,0.6567539,-3.7255545,15.409065,-2.043375,16.54502,3.640509
267,0.65931535,-3.6100574,15.678762,-2.2348742,16.54502,3.640509
268,0.661877,-3.4945602,15.948462,-2.4263735,16.54502,3.640509
269,0.6644384,-3.379063,16.218159,-2.6178727,16.54502,3.640509
270,0.667,-3.2635658,16.487858,-2.809372,16.54502,3.640509
271,0.6695615,-3.064911,16.734795,-3.065432,18.25111,4.553166
272,0.67212313,-2.866256,16.981731,-3.3214922,18.25111,4.553166
273,0.67468464,-2.667601,17.228668,-3.5775523,18.25111,4.553166
274,0.6772462,-2.4689462,17.475607,-3.8336124,18.25111,4.553166
275,0.67980766,-2.270291,17.722542,-4.089672,18.25111,4.553166
276,0.68236923,-2.0716362,17.96948,-4.3457327,18.25111,4.553166
277,0.6849308,-1.8729813,18.216417,-4.6017923,18.25111,4.553166
278,0.6874924,-1.6743264,18.463354,-4.8578525,18.25111,4.553166
279,0.6900538,-1.4756715,18.71029,-5.1139126,18.25111,4.553166
280,0.6926154,-1.2770165,18.957228,-5.3699727,18.25111,4.553166
281,0.6951769,-1.6058068,19.153477,-5.338165,19.455244,5.9905853
282,0.6977385,-1.9345971,19.349726,-5.3063564,19.455244,5.9905853
283,0.7003,-2.2633874,19.545975,-5.2745485,19.455244,5.9905853
284,0.70286155,-2.5921779,19.742224,-5.2427406,19.455244,5.9905853
285,0.7054231,-2.920968,19.938473,-5.2109327,19.455244,5.9905853
286,0.7079847,-3.2497582,20.134722,-5.179125,19.455244,5.9905853
287,0.71054614,-3.5785487,20.330969,-5.147317,19.455244,5.9905853
288,0.71310776,-3.9073389,20.527218,-5.115509,19.455244,5.9905853
289,0.7156692,-4.2361293,20.723467,-5.0837007,19.455244,5.9905853
290,0.7182308,-4.5649195,20.919716,-5.0518928,19.455244,5.9905853
291,0.7207923,-4.777795,21.242254,-5.1057544,21.565392,7.7160816
292,0.7233539,-4.99067,21.564795,-5.1596165,21.565392,7.7160816
293,0.72591543,-5.2035456,21.887333,-5.2134786,21.565392,7.7160816
294,0.728477,-5.416421,22.209873,-5.2673407,21.565392,7.7160816
295,0.73103845,-5.629296,22.532412,-5.3212023,21.565392,7.7160816
296,0.7336,-5.842171,22.854952,-5.375064,21.565392,7.7160816
297,0.73616153,-6.055046,23.17749,-5.428926,21.565392,7.7160816
298,0.73872316,-6.267922,23.500029,-5.482788,21.565392,7.7160816
299,0.7412846,-6.480797,23.822569,-5.5366497,21.565392,7.7160816
300,0.7438462,-6.693672,24.145107,-5.5905113,21.565392,7.7160816
301,0.7464077,-6.631833,24.591364,-5.558558,24.518461,10.165455
302,0.7489693,-6.5699944,25.037622,-5.5266047,24.518461,10.165455
303,0.75153077,-6.508155,25.48388,-5.494651,24.518461,10.165455
304,0.75409234,-6.4463167,25.930138,-5.4626975,24.518461,10.165455
305,0.75665385,-6.3844776,26.376392,-5.4307437,24.518461,10.165455
306,0.7592154,-6.3226385,26.82265,-5.3987904,24.518461,10.165455
307,0.7617769,-6.2607994,27.268908,-5.3668365,24.518461,10.165455
308,0.7643385,-6.198961,27.715166,-5.3348837,24.518461,10.165455
309,0.76689994,-6.1371217,28.16142,-5.3029294,24.518461,10.165455
310,0.7694615,-6.0752826,28.60768,-5.270976,24.518461,10.165455
311,0.772023,-6.4094343,28.882763,-5.172218,27.529016,12.881964
312,0.77458465,-6.7435865,29.15785,-5.07346,27.529016,12.881964
313,0.7771461,-7.0777383,29.432934,-4.974702,27.529016,12.881964
314,0.7797077,-7.41189,29.70802,-4.8759437,27.529016,12.881964
315,0.78226924,-7.7460413,29.983103,-4.7771854,27.529016,12.881964
316,0.7848308,-8.0801935,30.25819,-4.6784277,27.529016,12.881964
317,0.7873923,-8.414345,30.533272,-4.579669,27.529016,12.881964
318,0.7899538,-8.748497,30.808357,-4.4809113,27.529016,12.881964
319,0.79251534,-9.082649,31.08344,-4.382153,27.529016,12.881964
320,0.7950769,-9.4168005,31.358526,-4.283395,27.529016,12.881964
321,0.7976384,-9.570201,31.248232,-4.360812,30.105602,15.825994
322,0.8002,-9.7236,31.13794,-4.43823,30.105602,15.825994
323,0.80276155,-9.877001,31.027645,-4.515648,30.105602,15.825994
324,0.8053231,-10.030401,30.917353,-4.5930653,30.105602,15.825994
325,0.8078846,-10.183801,30.807056,-4.6704826,30.105602,15.825994
326,0.81044614,-10.337201,30.696766,-4.747901,30.105602,15.825994
327,0.81300765,-10.490601,30.58647,-4.8253183,30.105602,15.825994
328,0.8155693,-10.644001,30.476177,-4.9027357,30.105602,15.825994
329,0.81813073,-10.7974,30.365881,-4.980153,30.105602,15.825994
330,0.8206923,-10.950801,30.255589,-5.057571,30.105602,15.825994
331,0.8232538,-11.166964,30.047474,-5.676941,33.493847,19.398672
332,0.82581544,-11.383127,29.839363,-6.296311,33.493847,19.398672
333,0.8283769,-11.59929,29.63125,-6.915681,33.493847,19.398672
334,0.83093846,-11.815453,29.42314,-7.5350513,33.493847,19.398672
335,0.8335,-12.031616,29.215025,-8.154421,33.493847,19.398672
336,0.8360616,-12.24778,29.006914,-8.77379,33.493847,19.398672
337,0.8386231,-12.463942,28.7988,-9.393161,33.493847,19.398672
338,0.8411846,-12.680105,28.590687,-10.012531,33.493847,19.398672
339,0.8437461,-12.896268,28.382572,-10.631901,33.493847,19.398672
340,0.8463077,-13.112431,28.174461,-11.25127,33.493847,19.398672
341,0.8488692,-13.696185,28.461441,-11.432572,36.333843,21.830301
342,0.8514308,-14.279941,28.748423,-11.613874,36.333843,21.830301
343,0.85399234,-14.863695,29.035402,-11.795176,36.333843,21.830301
344,0.8565539,-15.447451,29.322384,-11.976478,36.333843,21.830301
345,0.85911536,-16.031204,29.609364,-12.157779,36.333843,21.830301
346,0.861677,-16.61496,29.896345,-12.339081,36.333843,21.830301
347,0.8642385,-17.198715,30.183325,-12.520382,36.333843,21.830301
348,0.86680007,-17.78247,30.470306,-12.701685,36.333843,21.830301
349,0.8693615,-18.366224,30.757284,-12.882985,36.333843,21.830301
350,0.8719231,-18.94998,31.044266,-13.064287,36.333843,21.830301
351,0.8744846,-18.647749,31.121107,-12.841058,38.227375,24.273201
352,0.8770462,-18.345518,31.197952,-12.61783,38.227375,24.273201
353,0.8796077,-18.043287,31.274794,-12.3946,38.227375,24.273201
354,0.8821693,-17.741056,31.351639,-12.171371,38.227375,24.273201
355,0.8847308,-17.438826,31.428478,-11.948143,38.227375,24.273201
356,0.8872924,-17.136595,31.505322,-11.724915,38.227375,24.273201
357,0.8898539,-16.834364,31.582165,-11.501685,38.227375,24.273201
358,0.8924154,-16.532133,31.659008,-11.278457,38.227375,24.273201
359,0.8949769,-16.2299,31.73585,-11.055227,38.227375,24.273201
360,0.8975385,-15.9276705,31.812693,-10.831999,38.227375,24.273201
361,0.9001,-15.010578,31.905518,-11.23209,43.090023,29.38308
362,0.90266156,-14.093488,31.998346,-11.632183,43.090023,29.38308
363,0.90522313,-13.176395,32.09117,-12.032274,43.090023,29.38308
364,0.9077847,-12.259304,32.184,-12.432367,43.090023,29.38308
365,0.91034615,-11.342213,32.276825,-12.8324585,43.090023,29.38308
366,0.9129077,-10.425121,32.36965,-13.232552,43.090023,29.38308
367,0.9154693,-9.50803,32.46248,-13.632643,43.090023,29.38308
368,0.91803074,-8.590938,32.5553,-14.032736,43.090023,29.38308
369,0.9205923,-7.6738462,32.64813,-14.432826,43.090023,29.38308
370,0.9231538,-6.7567544,32.740955,-14.832919,43.090023,29.38308
371,0.9257154,-5.9523463,33.261223,-14.003533,46.780933,32.894978
372,0.9282769,-5.1479383,33.78149,-13.1741495,46.780933,32.894978
373,0.93083847,-4.34353,34.301758,-12.344764,46.780933,32.894978
374,0.93340003,-3.539122,34.822025,-11.515379,46.780933,32.894978
375,0.9359615,-2.734714,35.342293,-10.685994,46.780933,32.894978
376,0.93852305,-1.9303058,35.86256,-9.856609,46.780933,32.894978
377,0.9410846,-1.1258979,36.382828,-9.027224,46.780933,32.894978
378,0.94364613,-0.32148957,36.903095,-8.197839,46.780933,32.894978
379,0.94620764,0.48291844,37.423363,-7.368454,46.780933,32.894978
380,0.9487692,1.2873266,37.94363,-6.5390687,46.780933,32.894978
381,0.9513307,2.1309593,37.044598,-6.5038238,49.36966,35.82056
382,0.9538923,2.974592,36.145573,-6.468579,49.36966,35.82056
383,0.9564538,3.8182244,35.246544,-6.433334,49.36966,35.82056
384,0.95901537,4.661857,34.34751,-6.3980885,49.36966,35.82056
385,0.96157694,5.50549,33.448483,-6.3628435,49.36966,35.82056
386,0.9641385,6.3491225,32.549454,-6.3275986,49.36966,35.82056
387,0.9667,7.1927547,31.650423,-6.2923536,49.36966,35.82056
388,0.9692615,8.036387,30.751394,-6.257108,49.36966,35.82056
389,0.9718231,8.88002,29.852364,-6.2218633,49.36966,35.82056
390,0.9743846,9.723653,28.953335,-6.1866183,49.36966,35.82056
391,0.9769462,9.393799,29.838612,-5.0789638,51.557205,37.854748
392,0.9795077,9.063945,30.72389,-3.9713092,51.557205,37.854748
393,0.98206925,8.73409,31.609165,-2.8636546,51.557205,37.854748
394,0.9846308,8.404236,32.494446,-1.7560004,51.557205,37.854748
395,0.9871923,8.074382,33.379723,-0.64834595,51.557205,37.854748
396,0.98975384,7.744528,34.265,0.45930862,51.557205,37.854748
397,0.9923154,7.414673,35.150276,1.5669628,51.557205,37.854748
398,0.9948769,7.0848193,36.035553,2.6746178,51.557205,37.854748
399,0.99743843,6.7549644,36.920826,3.7822719,51.557205,37.854748
400,1.0,6.4251103,37.806107,4.8899264,51.557205,37.854748
