index,timestep,Diffusion_Coeff,Divergence,score,pos
0,0.0,39.05299377441406,-0.009901333600282669,0.01643352396786213,37.791282653808594
1,0.0010010009864345193,39.08612823486328,-0.0099685899913311,0.010586250573396683,38.811912536621094
2,0.0020020019728690386,39.11929702758789,-0.009979622438549995,0.02041848935186863,38.0196418762207
3,0.0030030030757188797,39.15248489379883,-0.009964301250874996,0.022737162187695503,37.930946350097656
4,0.004004003945738077,39.185707092285156,-0.009911805391311646,0.00640255818143487,39.710113525390625
5,0.005005004815757275,39.218955993652344,-0.009893531911075115,0.002254784107208252,40.212547302246094
6,0.006006006151437759,39.25223159790039,-0.009944325312972069,0.01916721649467945,38.559104919433594
7,0.007007007021456957,39.28553771972656,-0.009931480512022972,0.021052788943052292,38.40528106689453
8,0.008008007891476154,39.31887435913086,-0.00989557895809412,0.019419804215431213,38.60689926147461
9,0.009009009227156639,39.352237701416016,-0.009825179353356361,0.02115125209093094,38.47224044799805
10,0.01001000963151455,39.38562774658203,-0.00972825102508068,0.021606354042887688,38.465972900390625
11,0.011011010967195034,39.41904830932617,-0.00958458986133337,0.030548419803380966,37.55603790283203
12,0.012012012302875519,39.452491760253906,-0.009292347356677055,0.054930076003074646,34.926513671875
13,0.013013012707233429,39.48596954345703,-0.009246612899005413,0.0390518493950367,36.52610397338867
14,0.014014014042913914,39.51947021484375,-0.009003773331642151,0.04801345616579056,35.398685455322266
15,0.015015014447271824,39.55300521850586,-0.008848743513226509,0.04148545861244202,35.95863342285156
16,0.01601601578295231,39.58656692504883,-0.008533932268619537,0.051009755581617355,34.71554946899414
17,0.01701701618731022,39.620155334472656,-0.008248026482760906,0.06052244082093239,33.41749572753906
18,0.018018018454313278,39.653770446777344,-0.008172218687832355,0.04911363124847412,34.704227447509766
19,0.01901901885867119,39.68742370605469,-0.007994751445949078,0.0602525919675827,33.24732208251953
20,0.0200200192630291,39.721092224121094,-0.007916726171970367,0.04938534274697304,34.537078857421875
21,0.021021021530032158,39.754798889160156,-0.0078101130202412605,0.059763796627521515,33.12904357910156
22,0.022022021934390068,39.78852844238281,-0.007780706509947777,0.03595045581459999,36.11466598510742
23,0.023023022338747978,39.82229232788086,-0.007790104486048222,0.024989331141114235,37.46416473388672
24,0.024024024605751038,39.8560791015625,-0.007774266880005598,0.017611699178814888,38.37126541137695
25,0.025025025010108948,39.889896392822266,-0.007739424239844084,0.010345765389502048,39.28121566772461
26,0.026026025414466858,39.92374801635742,-0.007822037674486637,-0.0070456238463521,41.5224494934082
27,0.027027025818824768,39.95762252807617,-0.007746137212961912,-0.007951080799102783,41.67676544189453
28,0.028028028085827827,39.99152755737305,-0.007743589114397764,-0.01634388044476509,42.80748748779297
29,0.029029028490185738,40.02545928955078,-0.007657032459974289,-0.01403330359607935,42.535011291503906
30,0.030030028894543648,40.05942153930664,-0.007613083813339472,-0.017025241628289223,42.9416618347168
31,0.031031031161546707,40.093414306640625,-0.007493353448808193,-0.01429456565529108,42.60769271850586
32,0.03203203156590462,40.1274299621582,-0.007529510650783777,-0.02572973072528839,44.2088508605957
33,0.03303303197026253,40.16147994995117,-0.007502701133489609,-0.03760513290762901,45.869625091552734
34,0.03403403237462044,40.195556640625,-0.007380853407084942,-0.049847207963466644,47.580848693847656
35,0.03503503277897835,40.22966384887695,-0.007373514585196972,-0.04771501570940018,47.356807708740234
36,0.036036036908626556,40.263797760009766,-0.007331575267016888,-0.045586418360471725,47.14036560058594
37,0.03703703731298447,40.29795837402344,-0.00726719107478857,-0.04633738473057747,47.30080795288086
38,0.03803803771734238,40.3321533203125,-0.0072106532752513885,-0.04641421139240265,47.36665344238281
39,0.03903903812170029,40.36637878417969,-0.007086073514074087,-0.05228671804070473,48.25086212158203
40,0.0400400385260582,40.40062713623047,-0.007110885344445705,-0.03825759515166283,46.33457946777344
41,0.04104103893041611,40.434906005859375,-0.00665885116904974,-0.006537168752402067,41.796112060546875
42,0.042042043060064316,40.469215393066406,-0.0065101864747703075,-0.008816071785986423,42.142433166503906
43,0.043043043464422226,40.50355529785156,-0.006153864786028862,-0.0016846589278429747,41.02813720703125
44,0.044044043868780136,40.53792190551758,-0.005573641508817673,0.012623646296560764,38.585960388183594
45,0.045045044273138046,40.572322845458984,-0.005542716011404991,0.011293147690594196,38.82957458496094
46,0.046046044677495956,40.606746673583984,-0.005269287154078484,0.01854422315955162,37.46471405029297
47,0.04704704508185387,40.641197204589844,-0.005151759367436171,0.021864477545022964,36.80655288696289
48,0.048048049211502075,40.67568588256836,-0.005022224970161915,0.030008338391780853,35.1832275390625
49,0.049049049615859985,40.71019744873047,-0.004944245796650648,0.03600769862532616,33.93431091308594
50,0.050050050020217896,40.7447395324707,-0.004878224804997444,0.034164413809776306,34.22983169555664
51,0.051051050424575806,40.77931213378906,-0.0047601815313100815,0.0366843119263649,33.55941390991211
52,0.052052050828933716,40.81391143798828,-0.00446474039927125,0.04308019578456879,32.00337219238281
53,0.053053051233291626,40.84854507446289,-0.004527944605797529,0.03738679364323616,33.07991027832031
54,0.054054051637649536,40.88320541381836,-0.0030518898274749517,0.050132688134908676,29.62088966369629
55,0.055055055767297745,40.91789627075195,-0.0034641283564269543,0.04575049877166748,30.506792068481445
56,0.056056056171655655,40.952613830566406,-0.00402017030864954,0.03809515759348869,32.214759826660156
57,0.057057056576013565,40.987361907958984,-0.0035880310460925102,0.04080817848443985,31.242774963378906
58,0.058058056980371475,41.02214431762695,-0.003122936934232712,0.04234698787331581,30.501752853393555
59,0.059059057384729385,41.056949615478516,-0.002902132226154208,0.0424145944416523,30.23341941833496
60,0.060060057789087296,41.0917854309082,-0.0035622171126306057,0.03679519519209862,31.740619659423828
61,0.061061061918735504,41.12665557861328,-0.0023631458170711994,0.042589545249938965,29.633098602294922
62,0.062062062323093414,41.16154479980469,-0.0016540545038878918,0.043882351368665695,28.856752395629883
63,0.06306306272745132,41.19647216796875,-0.0015316327335312963,0.04385869950056076,28.806499481201172
64,0.06406406313180923,41.23143005371094,-0.0020276678260415792,0.04227833449840546,29.48694610595703
65,0.06506506353616714,41.266414642333984,-0.0027099857106804848,0.038798462599515915,30.611507415771484
66,0.06606606394052505,41.301429748535156,-0.002590005286037922,0.037604447454214096,30.701141357421875
67,0.06706706434488297,41.33647537231445,-0.0025990570429712534,0.035231832414865494,31.09888458251953
68,0.06806806474924088,41.37154769897461,-0.0010370239615440369,0.03630537912249565,29.36070442199707
69,0.06906906515359879,41.406654357910156,-0.001383370254188776,0.03344772756099701,30.031579971313477
70,0.0700700655579567,41.44178771972656,-0.0012492550304159522,0.03135214000940323,30.077810287475586
71,0.0710710734128952,41.476951599121094,-0.0008792984299361706,0.029810359701514244,29.750736236572266
72,0.07207207381725311,41.512142181396484,0.0004861323977820575,0.028530260547995567,28.256694793701172
73,0.07307307422161102,41.547367095947266,0.0006039600120857358,0.027099071070551872,28.20998764038086
74,0.07407407462596893,41.582618713378906,-0.0009753283811733127,0.025848036631941795,30.137725830078125
75,0.07507507503032684,41.61790466308594,-0.0009972667321562767,0.025525357574224472,30.223966598510742
76,0.07607607543468475,41.65321731567383,-0.00014546114834956825,0.026206769049167633,29.228410720825195
77,0.07707707583904266,41.688560485839844,-0.0011847257846966386,0.025291532278060913,30.615158081054688
78,0.07807807624340057,41.72393035888672,-0.0017930929316207767,0.02376054786145687,31.69797706604004
79,0.07907907664775848,41.75933074951172,0.00038861948996782303,0.02542925626039505,28.89969253540039
80,0.0800800770521164,41.794769287109375,9.243158274330199e-06,0.024820761755108833,29.45861053466797
81,0.0810810774564743,41.830230712890625,0.0023373146541416645,0.021074973046779633,26.972951889038086
82,0.08208207786083221,41.865726470947266,0.002946037333458662,0.018755123019218445,26.345840454101562
83,0.08308307826519012,41.9012451171875,0.0029857554472982883,0.018179362639784813,26.29463768005371
84,0.08408408612012863,41.93680191040039,0.0019193121697753668,0.020837629213929176,27.462114334106445
85,0.08508508652448654,41.97238540649414,0.0026074990164488554,0.018952209502458572,26.606430053710938
86,0.08608608692884445,42.00799560546875,0.002647905144840479,0.018691012635827065,26.444717407226562
87,0.08708708733320236,42.043643951416016,0.004350829869508743,0.010186867788434029,23.9725284576416
88,0.08808808773756027,42.079315185546875,0.0034545487724244595,0.0143086276948452,24.990859985351562
89,0.08908908814191818,42.115020751953125,0.002931963186711073,0.01527238730341196,25.45846176147461
90,0.09009008854627609,42.1507568359375,0.003228797111660242,0.012588425539433956,24.75360107421875
91,0.091091088950634,42.186519622802734,0.003486554604023695,0.009850003756582737,24.038776397705078
92,0.09209208935499191,42.22231674194336,0.0038669528439641,0.005823841784149408,23.065044403076172
93,0.09309308975934982,42.258140563964844,0.003590804059058428,0.006771798711270094,23.513704299926758
94,0.09409409016370773,42.29399490356445,0.003273279871791601,0.008059869520366192,24.14060401916504
95,0.09509509056806564,42.32988739013672,0.003005021484568715,0.009135028347373009,24.738718032836914
96,0.09609609842300415,42.36580276489258,0.003402062226086855,0.006222152151167393,24.056549072265625
97,0.09709709882736206,42.40175247192383,0.003148177172988653,0.007722978945821524,24.729612350463867
98,0.09809809923171997,42.4377326965332,0.0035299635492265224,0.0045258221216499805,24.018503189086914
99,0.09909909963607788,42.473731994628906,0.002565425354987383,0.009983372874557972,26.113452911376953
100,0.10010010004043579,42.5097770690918,0.0032741487957537174,0.004950482863932848,24.69301986694336
101,0.1011011004447937,42.545841217041016,0.003850453533232212,-0.006697624456137419,21.634244918823242
102,0.10210210084915161,42.58195114135742,0.0037089274264872074,-0.01137039065361023,20.425704956054688
103,0.10310310125350952,42.618080139160156,0.0037415530532598495,-0.006544768810272217,21.694637298583984
104,0.10410410165786743,42.65423583984375,0.0036327491980046034,-0.010348071344196796,20.614660263061523
105,0.10510510206222534,42.6904296875,0.003667205572128296,-0.0063185677863657475,21.566511154174805
106,0.10610610246658325,42.726654052734375,0.003618014045059681,-0.004772319458425045,21.866416931152344
107,0.10710710287094116,42.762908935546875,0.0035084851551800966,-0.003899770090356469,22.071043014526367
108,0.10810810327529907,42.799190521240234,0.0029293682891875505,0.0042266445234417915,24.59908103942871
109,0.10910911113023758,42.83551025390625,0.003000217489898205,0.0027230503037571907,24.17188262939453
110,0.11011011153459549,42.871856689453125,0.0028360793367028236,0.0037152098957449198,24.62666893005371
111,0.1111111119389534,42.90822982788086,0.00290069286711514,0.0026225729379802942,24.380342483520508
112,0.11211211234331131,42.94463348388672,0.0030547084752470255,-0.00020512091577984393,23.647974014282227
113,0.11311311274766922,42.9810791015625,0.0027357940562069416,0.002003107685595751,24.648855209350586
114,0.11411411315202713,43.017547607421875,0.002812925959005952,-2.025281901296694e-05,24.149049758911133
115,0.11511511355638504,43.054054260253906,0.003021806012839079,-0.007413142826408148,21.83484649658203
116,0.11611611396074295,43.090579986572266,0.0027551630046218634,-0.012661730870604515,20.00657081604004
117,0.11711711436510086,43.127140045166016,0.0028433899860829115,-0.007623575162142515,21.775880813598633
118,0.11811811476945877,43.16373825073242,0.0027875867672264576,-0.007165110670030117,21.927587509155273
119,0.11911911517381668,43.20035934448242,0.0027642524801194668,-0.007101934403181076,21.902597427368164
120,0.12012011557817459,43.23701477050781,0.002372908405959606,2.1409516193671152e-05,24.53508949279785
121,0.1211211159825325,43.27370834350586,0.002301623346284032,0.00011825758701888844,24.638893127441406
122,0.12212212383747101,43.3104248046875,0.0016276774695143104,0.0033331795129925013,26.41669273376465
123,0.12312312424182892,43.34716796875,0.0020372718572616577,0.0008974217344075441,25.22353172302246
124,0.12412412464618683,43.38395309448242,0.0017144845332950354,0.0020758623722940683,25.994766235351562
125,0.12512512505054474,43.42076110839844,0.0014319524634629488,0.0026366878300905228,26.599483489990234
126,0.12612612545490265,43.45760726928711,0.0019719034899026155,-0.001103272195905447,24.620323181152344
127,0.12712712585926056,43.494476318359375,0.0011777086183428764,0.0026028749998658895,27.08285140991211
128,0.12812812626361847,43.5313835144043,0.0005452789482660592,0.003979537636041641,28.877107620239258
129,0.12912912666797638,43.56832504272461,-2.6980647817254066e-05,0.004366508685052395,30.704965591430664
130,0.1301301270723343,43.605289459228516,0.00014077400555834174,0.00439849030226469,30.12067985534668
131,0.1311311274766922,43.64228820800781,4.2376901546958834e-05,0.004428537096828222,30.432451248168945
132,0.1321321278810501,43.679317474365234,-0.0002295971498824656,0.00414535915479064,31.422454833984375
133,0.13313312828540802,43.71638107299805,-0.0003920254821423441,0.003548887325450778,32.06490707397461
134,0.13413412868976593,43.753475189208984,-0.0004053754673805088,0.0030882128048688173,32.11678695678711
135,0.13513512909412384,43.79059600830078,1.4424647815758362e-05,0.0023259897716343403,30.42243194580078
136,0.13613612949848175,43.827762603759766,-0.00019955214520450681,0.0012353904312476516,31.402057647705078
137,0.13713712990283966,43.86494445800781,-0.00016954692546278238,0.0005453862249851227,31.310590744018555
138,0.13813813030719757,43.902164459228516,-0.0005224168999120593,-0.0003703095135279,32.99185562133789
139,0.13913913071155548,43.93941879272461,-0.0004478071932680905,-0.0003665800322778523,32.70170974731445
140,0.1401401311159134,43.9766960144043,-0.0005151673103682697,-0.0005031413165852427,33.06409454345703
141,0.1411411464214325,44.014015197753906,-0.001060308888554573,-0.0024981219321489334,35.720664978027344
142,0.1421421468257904,44.051361083984375,-0.0013876864686608315,-0.004702781327068806,37.57763671875
143,0.14314314723014832,44.08873748779297,-0.001257668947800994,-0.004075739067047834,37.05885696411133
144,0.14414414763450623,44.12614822387695,-0.0010888101533055305,-0.0032169846817851067,36.29628372192383
145,0.14514514803886414,44.1635856628418,-0.0009859222918748856,-0.0028721755370497704,35.904869079589844
146,0.14614614844322205,44.20106506347656,-0.0009329412132501602,-0.002962928730994463,35.824424743652344
147,0.14714714884757996,44.238563537597656,-0.0008814748143777251,-0.003029514104127884,35.74005126953125
148,0.14814814925193787,44.27610778808594,-0.0004504770622588694,-0.0017353430157527328,33.55973434448242
149,0.14914914965629578,44.31366729736328,-0.0005891572218388319,-0.0021820985712110996,34.35910415649414
150,0.1501501500606537,44.35126876831055,-0.000422892248025164,-0.001808121451176703,33.49643325805664
151,0.1511511504650116,44.38890075683594,-0.0003672330640256405,-0.001761212362907827,33.151432037353516
152,0.1521521508693695,44.426570892333984,-0.00015671757864765823,-0.001519851735793054,31.98068618774414
153,0.15315315127372742,44.464263916015625,-0.0005217493744567037,-0.0021413799840956926,33.679168701171875
154,0.15415415167808533,44.50199508666992,-0.0008980791899375618,-0.0034970815759152174,35.44511795043945
155,0.15515515208244324,44.53975296020508,-0.0008331159478984773,-0.0034899853635579348,35.06747055053711
156,0.15615615248680115,44.57754898071289,-0.0007879103650338948,-0.0037445256020873785,34.86949157714844
157,0.15715715289115906,44.6153678894043,-0.0013226864393800497,-0.0076936278492212296,38.17777633666992
158,0.15815815329551697,44.653228759765625,-0.0012404554290696979,-0.007552596740424633,37.86060333251953
159,0.15915915369987488,44.69111251831055,-0.001540121273137629,-0.011259057559072971,40.44906234741211
160,0.1601601541042328,44.72903823852539,-0.0016835422720760107,-0.014042120426893234,42.189083099365234
161,0.1611611545085907,44.76698684692383,-0.0016483231447637081,-0.013589886017143726,41.99666976928711
162,0.1621621549129486,44.804969787597656,-0.0014574502129107714,-0.010780679062008858,40.29640197753906
163,0.16316315531730652,44.842987060546875,-0.001151671283878386,-0.007566319778561592,38.00153732299805
164,0.16416415572166443,44.88103485107422,-0.0011031173635274172,-0.007412267383188009,37.791439056396484
165,0.16516515612602234,44.91912078857422,-0.0007515004836022854,-0.0058365934528410435,35.75952911376953
166,0.16616615653038025,44.95723342895508,-0.0004773699911311269,-0.005310883279889822,34.18635559082031
167,0.16716717183589935,44.99538040161133,-0.000491148850414902,-0.00579404691234231,34.36994552612305
168,0.16816817224025726,45.03356170654297,-0.0003155138110741973,-0.005674955900758505,33.200809478759766
169,0.16916917264461517,45.071773529052734,-0.00023636121477466077,-0.005681043956428766,32.57658767700195
170,0.17017017304897308,45.110015869140625,-0.00024352371110580862,-0.005719922482967377,32.51369857788086
171,0.171171173453331,45.14828872680664,-0.0004530815640464425,-0.006224529352039099,33.85471725463867
172,0.1721721738576889,45.18659973144531,-0.0004420355544425547,-0.006096958182752132,33.64613342285156
173,0.17317317426204681,45.22494125366211,-0.0005071036284789443,-0.006298712454736233,33.97334289550781
174,0.17417417466640472,45.2633171081543,-0.0004078604397363961,-0.006110327318310738,33.209327697753906
175,0.17517517507076263,45.30172348022461,-0.0002488574245944619,-0.0061762151308357716,32.03756332397461
176,0.17617617547512054,45.34016036987305,-0.00025300259585492313,-0.006750104017555714,32.112205505371094
177,0.17717717587947845,45.37863540649414,-0.0001977727806661278,-0.007119296584278345,31.74214744567871
178,0.17817817628383636,45.41713333129883,-5.391211743699387e-05,-0.007192394230514765,30.5339412689209
179,0.17917917668819427,45.45567321777344,1.6456078810733743e-05,-0.0071869525127112865,30.012819290161133
180,0.18018017709255219,45.49424362182617,0.00011490950419101864,-0.00707071041688323,29.177213668823242
181,0.1811811774969101,45.53284454345703,0.00019176187925040722,-0.006944337394088507,28.55016326904297
182,0.182182177901268,45.571475982666016,0.0002610744268167764,-0.006844295654445887,27.942691802978516
183,0.18318317830562592,45.610145568847656,0.00026004400569945574,-0.006783588789403439,28.00201988220215
184,0.18418417870998383,45.64884567260742,0.00024445829330943525,-0.006914765108376741,28.014909744262695
185,0.18518517911434174,45.68758010864258,0.00021175672009121627,-0.00707969581708312,28.118154525756836
186,0.18618617951869965,45.726348876953125,0.00015276321209967136,-0.007226697634905577,28.48979949951172
187,0.18718717992305756,45.76514434814453,-0.0001247997279278934,-0.007505269721150398,31.28086280822754
188,0.18818818032741547,45.803977966308594,7.121708040358499e-05,-0.00773207563906908,28.712356567382812
189,0.18918918073177338,45.84284210205078,-9.319755190517753e-05,-0.007966277189552784,30.420028686523438
190,0.1901901811361313,45.881744384765625,-0.00026521424297243357,-0.00854460522532463,32.22831726074219
191,0.1911911815404892,45.92066955566406,-0.0003707637661136687,-0.009015407413244247,33.392459869384766
192,0.1921921968460083,45.95963668823242,-0.00018565710342954844,-0.008464159443974495,31.534748077392578
193,0.1931931972503662,45.99863052368164,-0.00018971174722537398,-0.008318153209984303,31.735387802124023
194,0.19419419765472412,46.037662506103516,-0.0001593673077877611,-0.008091429248452187,31.557756423950195
195,0.19519519805908203,46.07672882080078,-0.00021280525834299624,-0.008048919960856438,32.15998458862305
196,0.19619619846343994,46.115821838378906,-0.0002418475050944835,-0.008030015043914318,32.438690185546875
197,0.19719719886779785,46.15495300292969,5.519321348401718e-05,-0.007724366616457701,29.23944854736328
198,0.19819819927215576,46.194114685058594,0.00026162894209846854,-0.008171990513801575,26.51082992553711
199,0.19919919967651367,46.23331069946289,0.0003098289016634226,-0.0085116196423769,25.494029998779297
200,0.20020020008087158,46.27254104614258,0.0002484922297298908,-0.008455379866063595,25.992910385131836
201,0.2012012004852295,46.31180191040039,0.0002702741767279804,-0.008725549094378948,25.348474502563477
202,0.2022022008895874,46.35110092163086,0.00039743888191878796,-0.009601714089512825,23.0772647857666
203,0.2032032012939453,46.39043045043945,0.00046910549281165004,-0.010785761289298534,20.653043746948242
204,0.20420420169830322,46.42979049682617,0.0004341159947216511,-0.010888497345149517,20.594501495361328
205,0.20520520210266113,46.46918487548828,0.00041727250209078193,-0.011095253750681877,20.219036102294922
206,0.20620620250701904,46.50861740112305,0.0004057497426401824,-0.011206034570932388,19.89400863647461
207,0.20720720291137695,46.54807662963867,0.00040341157000511885,-0.010839111171662807,20.698835372924805
208,0.20820820331573486,46.58757400512695,0.00039767310954630375,-0.010937337763607502,20.342613220214844
209,0.20920920372009277,46.62710189819336,0.0003747867594938725,-0.01092552486807108,20.237939834594727
210,0.21021020412445068,46.666664123535156,0.0003444962785579264,-0.01131707988679409,19.153532028198242
211,0.2112112045288086,46.706260681152344,0.00030176446307450533,-0.011762218549847603,17.820531845092773
212,0.2122122049331665,46.74589157104492,0.0002609178191050887,-0.012062129564583302,16.71426773071289
213,0.21321320533752441,46.78555679321289,0.00024895346723496914,-0.012086623348295689,16.389041900634766
214,0.21421420574188232,46.825252532958984,0.00023488648002967238,-0.01218128576874733,15.69530963897705
215,0.21521520614624023,46.864990234375,0.00013704251614399254,-0.01258467510342598,13.346247673034668
216,0.21621620655059814,46.90475082397461,2.3742933990433812e-05,-0.01277826726436615,11.294095039367676
217,0.21721720695495605,46.94455337524414,5.79108418605756e-05,-0.01282529067248106,11.849206924438477
218,0.21821822226047516,46.98438262939453,-9.13885742193088e-05,-0.012828310020267963,9.293257713317871
219,0.21921922266483307,47.024253845214844,-6.049311195965856e-05,-0.0128716379404068,9.754617691040039
220,0.22022022306919098,47.064151763916016,-3.332581400172785e-05,-0.012742767110466957,10.160234451293945
221,0.2212212234735489,47.104087829589844,9.254687756765634e-05,-0.012414976954460144,12.787583351135254
222,0.2222222238779068,47.14405059814453,6.865534669486806e-05,-0.012158792465925217,12.50876522064209
223,0.2232232242822647,47.18405532836914,2.1188550817896612e-05,-0.011934129521250725,11.613600730895996
224,0.22422422468662262,47.22409439086914,-5.239456731942482e-05,-0.011716282926499844,9.957834243774414
225,0.22522522509098053,47.264163970947266,-0.00011211429227842018,-0.011443954892456532,8.620447158813477
226,0.22622622549533844,47.304264068603516,-8.972045907285064e-05,-0.011431085877120495,9.385059356689453
227,0.22722722589969635,47.34440231323242,-0.00014434389595407993,-0.01124667190015316,8.030755043029785
228,0.22822822630405426,47.384578704833984,-0.0001522933307569474,-0.011273129843175411,7.8785600662231445
229,0.22922922670841217,47.424781799316406,-0.00010976421617669985,-0.011540244333446026,8.97186279296875
230,0.23023022711277008,47.465023040771484,-0.00012932918616570532,-0.011599314399063587,8.57687759399414
231,0.231231227517128,47.50529479980469,-0.00012978888116776943,-0.011642388068139553,8.587108612060547
232,0.2322322279214859,47.54560470581055,-0.00014995237870607525,-0.011556027457118034,8.127495765686035
233,0.2332332283258438,47.58594512939453,-0.00019155367044731975,-0.011321592144668102,7.109081268310547
234,0.23423422873020172,47.62632369995117,-0.00013453647261485457,-0.01136302761733532,8.202261924743652
235,0.23523522913455963,47.6667366027832,-0.00011953592183999717,-0.011202354915440083,8.399564743041992
236,0.23623622953891754,47.707176208496094,-0.00012003447045572102,-0.01100408285856247,8.296570777893066
237,0.23723722994327545,47.74766540527344,-0.0001324985787505284,-0.010813609696924686,7.873631000518799
238,0.23823823034763336,47.788177490234375,-0.00022944090596865863,-0.010213864967226982,5.110164642333984
239,0.23923923075199127,47.8287239074707,-0.00018376852676738054,-0.010360066778957844,6.304077625274658
240,0.24024023115634918,47.86930847167969,-0.0002400512166786939,-0.009891584515571594,4.651489734649658
241,0.2412412315607071,47.9099235534668,-0.00021886781905777752,-0.009923936799168587,5.338967323303223
242,0.242242231965065,47.95058059692383,-0.00020937106455676258,-0.009902996011078358,5.754371643066406
243,0.2432432323694229,47.99126052856445,-0.00025814573746174574,-0.009529631584882736,4.307415008544922
244,0.24424424767494202,48.031982421875,-0.00020563945872709155,-0.010032604448497295,6.186526298522949
245,0.24524524807929993,48.07273864746094,-0.00021145096980035305,-0.010219928808510303,6.232649326324463
246,0.24624624848365784,48.113529205322266,-0.00026674868422560394,-0.010134836658835411,5.106539249420166
247,0.24724724888801575,48.154354095458984,-0.00024956982815638185,-0.010528305545449257,6.04689884185791
248,0.24824824929237366,48.19520950317383,-0.00024996272986754775,-0.010753501206636429,6.5013651847839355
249,0.24924924969673157,48.236106872558594,-0.0002870302414521575,-0.010672609321773052,5.856469631195068
250,0.2502502501010895,48.277034759521484,-0.0002331650466658175,-0.011168526485562325,7.153800964355469
251,0.2512512505054474,48.317996978759766,-0.00028461296460591257,-0.0109456991776824,5.8820013999938965
252,0.2522522509098053,48.35899353027344,-0.00022447528317570686,-0.011171222664415836,7.057263374328613
253,0.2532532513141632,48.40003204345703,-0.00012203848746139556,-0.011266082525253296,9.225232124328613
254,0.2542542517185211,48.44109344482422,-0.0001290956570301205,-0.01093242410570383,9.11117172241211
255,0.25525525212287903,48.48219680786133,-0.00010031621786765754,-0.010772207751870155,10.234856605529785
256,0.25625625252723694,48.52333450317383,-0.00014664416084997356,-0.01037832722067833,8.92431354522705
257,0.25725725293159485,48.564510345458984,-0.0001721979642752558,-0.010066146031022072,8.054142951965332
258,0.25825825333595276,48.605712890625,-0.00015849832561798394,-0.01001553051173687,8.705364227294922
259,0.25925925374031067,48.64695739746094,-0.00017085722356569022,-0.009830613620579243,8.287065505981445
260,0.2602602541446686,48.688236236572266,-0.0001242587750311941,-0.010086779482662678,10.380434036254883
261,0.2612612545490265,48.729549407958984,-0.0001536061754450202,-0.009868699125945568,8.807374000549316
262,0.2622622549533844,48.770896911621094,-0.00018348084995523095,-0.009708390571177006,7.582370758056641
263,0.2632632553577423,48.812278747558594,-0.0001651308120926842,-0.009895476512610912,8.468832969665527
264,0.2642642557621002,48.85369110107422,-0.0001794396375771612,-0.009855687618255615,8.051712036132812
265,0.26526525616645813,48.895145416259766,-0.0001454040757380426,-0.01010929699987173,9.501029014587402
266,0.26626625657081604,48.93663787841797,-0.0001545723935123533,-0.010085606947541237,9.196691513061523
267,0.26726725697517395,48.97815704345703,-0.00021357013611122966,-0.009666845202445984,7.0859174728393555
268,0.26826825737953186,49.01971435546875,-0.00016110367141664028,-0.010016554966568947,9.294018745422363
269,0.26926925778388977,49.061309814453125,-0.00016389385564252734,-0.009954708628356457,9.581799507141113
270,0.2702702581882477,49.10293960571289,-0.00015016261022537947,-0.010029735043644905,10.840195655822754
271,0.2712712585926056,49.14460754394531,-0.00017786663374863565,-0.009775704704225063,9.960376739501953
272,0.2722722589969635,49.18630599975586,-0.0001708148920442909,-0.009865752421319485,11.06907844543457
273,0.2732732594013214,49.2280387878418,-0.00016861941548995674,-0.009972536005079746,12.104731559753418
274,0.2742742598056793,49.26980972290039,-0.00016495303134433925,-0.010135478340089321,13.340110778808594
275,0.27527526021003723,49.31161880493164,-0.0001629563921596855,-0.01029184926301241,14.480084419250488
276,0.27627626061439514,49.35345458984375,-0.00016455704462714493,-0.010359134525060654,15.083983421325684
277,0.27727726101875305,49.39533233642578,-0.00017369564739055932,-0.01004247460514307,13.3851318359375
278,0.27827826142311096,49.4372444152832,-0.00016289157792925835,-0.010511511005461216,16.300004959106445
279,0.27927926182746887,49.479190826416016,-0.00016896070155780762,-0.010832594707608223,18.146060943603516
280,0.2802802622318268,49.52117156982422,-0.00016246462473645806,-0.01050988957285881,16.10009765625
281,0.2812812626361847,49.56319046020508,-0.00016733484517317265,-0.010209102183580399,13.965629577636719
282,0.282282292842865,49.60525131225586,-0.00016757853154558688,-0.01045093685388565,15.081950187683105
283,0.2832832932472229,49.6473388671875,-0.00017095869407057762,-0.010743319056928158,16.49180793762207
284,0.2842842936515808,49.6894645690918,-0.00017648669017944485,-0.011023808270692825,17.843826293945312
285,0.2852852940559387,49.73162841796875,-0.00018366819131188095,-0.010784950107336044,16.46207618713379
286,0.28628629446029663,49.77382278442383,-0.00018756123608909547,-0.010767996311187744,16.532611846923828
287,0.28728729486465454,49.81605911254883,-0.00018423341680318117,-0.010891422629356384,17.568208694458008
288,0.28828829526901245,49.85832595825195,-0.00018103516777046025,-0.011105174198746681,19.160400390625
289,0.28928929567337036,49.900630950927734,-0.00018413038924336433,-0.011297337710857391,20.630859375
290,0.29029029607772827,49.94297409057617,-0.000198332651052624,-0.011547433212399483,22.23988914489746
291,0.2912912964820862,49.985355377197266,-0.00019766460172832012,-0.011405565775930882,21.596858978271484
292,0.2922922968864441,50.02776336669922,-0.0002076216333080083,-0.011439711786806583,21.755273818969727
293,0.293293297290802,50.07020950317383,-0.00023538051755167544,-0.01185311283916235,23.529855728149414
294,0.2942942976951599,50.11269760131836,-0.00024388995370827615,-0.01187150552868843,23.545351028442383
295,0.2952952980995178,50.155216217041016,-0.0002554088714532554,-0.011938687413930893,23.778776168823242
296,0.29629629850387573,50.197776794433594,-0.00024034190573729575,-0.011478991247713566,21.899208068847656
297,0.29729729890823364,50.2403678894043,-0.0002585548791103065,-0.011756887659430504,23.087657928466797
298,0.29829829931259155,50.282997131347656,-0.00028757588006556034,-0.012483716011047363,25.770898818969727
299,0.29929929971694946,50.32566452026367,-0.00025039172032848,-0.011606596410274506,22.6451358795166
300,0.3003003001213074,50.36836242675781,-0.00022568184067495167,-0.011225244030356407,21.047395706176758
301,0.3013013005256653,50.41109848022461,-0.00021932681556791067,-0.011231895536184311,21.007152557373047
302,0.3023023009300232,50.45387649536133,-0.0002127785119228065,-0.011190514080226421,20.708749771118164
303,0.3033033013343811,50.49668502807617,-0.0002069464244414121,-0.011235390789806843,20.941999435424805
304,0.304304301738739,50.53953552246094,-0.00020139128901064396,-0.011268388479948044,21.126392364501953
305,0.3053053021430969,50.58241653442383,-0.00019616869394667447,-0.011512101627886295,22.497982025146484
306,0.30630630254745483,50.625335693359375,-0.00018843234283849597,-0.011505231261253357,22.653539657592773
307,0.30730730295181274,50.66829299926758,-0.00018486999033484608,-0.011586773209273815,23.384193420410156
308,0.30830830335617065,50.71128463745117,-0.00019375111151020974,-0.011804972775280476,24.792707443237305
309,0.30930930376052856,50.754310607910156,-0.00021816189109813422,-0.012125127948820591,26.476974487304688
310,0.3103103041648865,50.79737854003906,-0.00025837396970018744,-0.012640316039323807,28.589927673339844
311,0.3113113045692444,50.840476989746094,-0.0002603666507638991,-0.012544617988169193,28.093835830688477
312,0.3123123049736023,50.88361358642578,-0.0002769916318356991,-0.012722671031951904,28.551694869995117
313,0.3133133053779602,50.92679214477539,-0.00023194348614197224,-0.01172536239027977,24.609437942504883
314,0.3143143057823181,50.97000503540039,-0.00026468117721378803,-0.012243743985891342,26.783288955688477
315,0.315315306186676,51.01325225830078,-0.00023682648316025734,-0.011639539152383804,24.37799835205078
316,0.31631630659103394,51.056541442871094,-0.0002344393724342808,-0.011592179536819458,24.252601623535156
317,0.31731730699539185,51.099857330322266,-0.00023407943081110716,-0.011644050478935242,24.50798988342285
318,0.31831830739974976,51.14321517944336,-0.0002373409952269867,-0.011779367923736572,25.051471710205078
319,0.31931930780410767,51.186614990234375,-0.00022317023831419647,-0.011621613055467606,24.32128143310547
320,0.3203203082084656,51.23004913330078,-0.0002458959352225065,-0.012058435939252377,26.108644485473633
321,0.3213213086128235,51.27351379394531,-0.0002427623694529757,-0.012041897512972355,25.929927825927734
322,0.3223223090171814,51.317020416259766,-0.00021845370065420866,-0.011613455601036549,23.889263153076172
323,0.3233233094215393,51.36056137084961,-0.00021984725026413798,-0.011594684794545174,23.407939910888672
324,0.3243243098258972,51.40414047241211,-0.00022265138977672905,-0.011570184491574764,22.787717819213867
325,0.3253253102302551,51.44776153564453,-0.00022900119074620306,-0.011573156341910362,22.372447967529297
326,0.32632631063461304,51.49141311645508,-0.0002545585739426315,-0.012055273167788982,24.097862243652344
327,0.32732731103897095,51.53510284423828,-0.00027495104586705565,-0.012476501055061817,25.48723793029785
328,0.32832831144332886,51.578834533691406,-0.0002801422670017928,-0.012468201108276844,25.403541564941406
329,0.32932931184768677,51.622596740722656,-0.0002759319613687694,-0.01216080877929926,24.353479385375977
330,0.3303303122520447,51.66639709472656,-0.000275671249255538,-0.011952034197747707,23.773839950561523
331,0.3313313126564026,51.71023941040039,-0.00027157494332641363,-0.011613884009420872,22.820322036743164
332,0.3323323130607605,51.754112243652344,-0.00027849082835018635,-0.01164737157523632,23.198320388793945
333,0.3333333432674408,51.79802703857422,-0.0002923020510934293,-0.01190906297415495,24.41614532470703
334,0.3343343436717987,51.84197998046875,-0.00030715850880369544,-0.012317894026637077,25.95293426513672
335,0.3353353440761566,51.88597106933594,-0.00030310702277347445,-0.012216841802001,25.55150604248047
336,0.3363363444805145,51.92999267578125,-0.0002873298362828791,-0.011742720380425453,23.901840209960938
337,0.33733734488487244,51.974056243896484,-0.00029170222114771605,-0.011915422044694424,24.453393936157227
338,0.33833834528923035,52.018157958984375,-0.0002872999757528305,-0.011769485659897327,23.934932708740234
339,0.33933934569358826,52.06229782104492,-0.00029004577663727105,-0.01191962230950594,24.405689239501953
340,0.34034034609794617,52.106468200683594,-0.0002706363156903535,-0.010965502820909023,21.005952835083008
341,0.3413413465023041,52.15068054199219,-0.00026668529608286917,-0.01053505577147007,19.409881591796875
342,0.342342346906662,52.19493103027344,-0.00026933668414130807,-0.01062700804322958,19.764211654663086
343,0.3433433473110199,52.23921585083008,-0.0002723567304201424,-0.010763741098344326,20.287254333496094
344,0.3443443477153778,52.283546447753906,-0.0002722337085288018,-0.010510575026273727,19.28765869140625
345,0.3453453481197357,52.327911376953125,-0.00027431489434093237,-0.01061545591801405,19.638702392578125
346,0.34634634852409363,52.372310638427734,-0.0002782464725896716,-0.010854139924049377,20.53067970275879
347,0.34734734892845154,52.416744232177734,-0.0002769449492916465,-0.010711769573390484,20.05397605895996
348,0.34834834933280945,52.46122360229492,-0.00027195311849936843,-0.010126173496246338,17.896169662475586
349,0.34934934973716736,52.505733489990234,-0.000282472581602633,-0.010341578163206577,18.644371032714844
350,0.35035035014152527,52.55028533935547,-0.00028693664353340864,-0.010242128744721413,18.32002830505371
351,0.3513513505458832,52.594879150390625,-0.0003037281858269125,-0.01110167894512415,21.280786514282227
352,0.3523523509502411,52.639503479003906,-0.0003047757491003722,-0.010927177034318447,20.815820693969727
353,0.353353351354599,52.68416976928711,-0.00030001933919265866,-0.010530478321015835,19.71244239807129
354,0.3543543517589569,52.72887420654297,-0.00029468064894899726,-0.010262730531394482,19.060810089111328
355,0.3553553521633148,52.77360916137695,-0.0003005773760378361,-0.010973433032631874,21.68430519104004
356,0.35635635256767273,52.81839370727539,-0.00030774151673540473,-0.01173191424459219,24.286331176757812
357,0.35735735297203064,52.86320495605469,-0.000309083319734782,-0.011934098787605762,24.951141357421875
358,0.35835835337638855,52.90806198120117,-0.0003077891597058624,-0.011805291287600994,24.373205184936523
359,0.35935935378074646,52.95295333862305,-0.00031594978645443916,-0.012257414869964123,25.447338104248047
360,0.36036035418510437,52.99788284301758,-0.0003194599994458258,-0.012270200066268444,25.05393409729004
361,0.3613613545894623,53.0428581237793,-0.00031604577088728547,-0.0114615922793746,22.301898956298828
362,0.3623623549938202,53.087860107421875,-0.00031870161183178425,-0.011729168705642223,23.138811111450195
363,0.3633633553981781,53.13290786743164,-0.0003172002616338432,-0.011203800328075886,21.57223892211914
364,0.364364355802536,53.1779899597168,-0.0003166345995850861,-0.010671354830265045,19.95598793029785
365,0.3653653562068939,53.223114013671875,-0.00032030459260568023,-0.011419431306421757,22.282567977905273
366,0.36636635661125183,53.268272399902344,-0.00032417356851510704,-0.01187813375145197,23.66040802001953
367,0.36736735701560974,53.31346893310547,-0.00032516606734134257,-0.011255287565290928,21.772884368896484
368,0.36836835741996765,53.358707427978516,-0.0003274151822552085,-0.011980080977082253,24.077903747558594
369,0.36936935782432556,53.40398025512695,-0.0003266485291533172,-0.01151456031948328,22.71063804626465
370,0.37037035822868347,53.44929885864258,-0.00032542605185881257,-0.0111123351380229,21.50685691833496
371,0.3713713586330414,53.49464797973633,-0.0003253427566960454,-0.01180493738502264,23.651018142700195
372,0.3723723590373993,53.5400390625,-0.0003219440404791385,-0.011516579426825047,22.72539710998535
373,0.3733733594417572,53.58546829223633,-0.0003179484629072249,-0.010977177880704403,20.941640853881836
374,0.3743743598461151,53.63093566894531,-0.0003141440683975816,-0.010224733501672745,18.374404907226562
375,0.375375360250473,53.67644500732422,-0.00031721231061965227,-0.011479102075099945,22.12642478942871
376,0.37637636065483093,53.721988677978516,-0.00031881293398328125,-0.011672892607748508,22.546579360961914
377,0.37737736105918884,53.76757049560547,-0.0003191323485225439,-0.011855168268084526,23.05634117126465
378,0.37837836146354675,53.813194274902344,-0.0003164527006447315,-0.011058022268116474,20.542551040649414
379,0.37937936186790466,53.858856201171875,-0.000314414210151881,-0.011009883135557175,20.439695358276367
380,0.3803803622722626,53.9045524597168,-0.00031283049611374736,-0.011216273531317711,21.20217514038086
381,0.3813813626766205,53.950294494628906,-0.00031106139067560434,-0.010813758708536625,20.08338165283203
382,0.3823823630809784,53.996070861816406,-0.0003107180818915367,-0.011401544325053692,22.231670379638672
383,0.3833833634853363,54.04188919067383,-0.00030814038473181427,-0.011340759694576263,22.335283279418945
384,0.3843843936920166,54.08774185180664,-0.0003077898873016238,-0.011572753079235554,23.36263656616211
385,0.3853853940963745,54.133636474609375,-0.00031104282243177295,-0.01218215562403202,25.641687393188477
386,0.3863863945007324,54.1795654296875,-0.00031049043172970414,-0.012292000465095043,26.384078979492188
387,0.38738739490509033,54.22554016113281,-0.0003015166148543358,-0.011784464120864868,25.084890365600586
388,0.38838839530944824,54.271549224853516,-0.0003008319763466716,-0.011950453743338585,25.786272048950195
389,0.38938939571380615,54.317596435546875,-0.00026586733292788267,-0.010200808756053448,19.49566650390625
390,0.39039039611816406,54.363685607910156,-0.0002633120457176119,-0.010144984349608421,19.08062744140625
391,0.391391396522522,54.40981674194336,-0.0002758032351266593,-0.01113852672278881,22.546092987060547
392,0.3923923969268799,54.45597839355469,-0.0002811142476275563,-0.011419151909649372,23.244892120361328
393,0.3933933973312378,54.502193450927734,-0.00028991911676712334,-0.011657080613076687,23.678258895874023
394,0.3943943977355957,54.54843521118164,-0.0002961248392239213,-0.011183804832398891,21.773998260498047
395,0.3953953981399536,54.59471893310547,-0.00030759352375753224,-0.011338374577462673,22.125410079956055
396,0.3963963985443115,54.64104080200195,-0.0003171535790897906,-0.010892821475863457,20.655681610107422
397,0.39739739894866943,54.68740463256836,-0.00032425415702164173,-0.010954542085528374,20.91289520263672
398,0.39839839935302734,54.73381042480469,-0.00032904642284847796,-0.01006888784468174,18.34963035583496
399,0.39939939975738525,54.780250549316406,-0.00032925032428465784,-0.00996805913746357,18.211349487304688
400,0.40040040016174316,54.82673263549805,-0.0003255393239669502,-0.009411977604031563,16.704925537109375
401,0.4014014005661011,54.87324905395508,-0.0003258891520090401,-0.010082440450787544,18.95038604736328
402,0.402402400970459,54.91980743408203,-0.0003242286911699921,-0.009887979365885258,18.50998878479004
403,0.4034034013748169,54.96641540527344,-0.0003253552713431418,-0.009864743798971176,18.588010787963867
404,0.4044044017791748,55.01305389404297,-0.0003287553263362497,-0.010509075596928596,20.675769805908203
405,0.4054054021835327,55.059730529785156,-0.000324493448715657,-0.010180152021348476,19.778657913208008
406,0.4064064025878906,55.106449127197266,-0.00032229669159278274,-0.010164675302803516,19.80362319946289
407,0.40740740299224854,55.1532096862793,-0.00031987635884433985,-0.009893253445625305,18.98871421813965
408,0.40840840339660645,55.200008392333984,-0.00031931494595482945,-0.009836490266025066,18.816720962524414
409,0.40940940380096436,55.24684524536133,-0.0003178561746608466,-0.009070783853530884,16.370624542236328
410,0.41041040420532227,55.293724060058594,-0.00031484838109463453,-0.008723575621843338,15.202102661132812
411,0.4114114046096802,55.340641021728516,-0.00031143048545345664,-0.008551378734409809,14.607902526855469
412,0.4124124050140381,55.38759231567383,-0.00030765595147386193,-0.009136156179010868,16.51667594909668
413,0.413413405418396,55.43458938598633,-0.00029790334519930184,-0.008418815210461617,14.204495429992676
414,0.4144144058227539,55.481624603271484,-0.0002905231958720833,-0.008136534132063389,13.261459350585938
415,0.4154154062271118,55.52870178222656,-0.0002824713010340929,-0.00799013301730156,12.803764343261719
416,0.4164164066314697,55.5758171081543,-0.00028084468794986606,-0.007396109402179718,10.773819923400879
417,0.41741740703582764,55.62297439575195,-0.0002941312559414655,-0.006752324290573597,8.691213607788086
418,0.41841840744018555,55.67017364501953,-0.00032265184563584626,-0.006012633442878723,6.6055121421813965
419,0.41941940784454346,55.71741485595703,-0.0003124487120658159,-0.006382741965353489,7.986019611358643
420,0.42042040824890137,55.764686584472656,-0.00032339515746571124,-0.0060618664138019085,7.0418243408203125
421,0.4214214086532593,55.81200408935547,-0.00031073609716258943,-0.006413899827748537,8.108302116394043
422,0.4224224090576172,55.85935592651367,-0.0002954898518510163,-0.007122155744582415,10.40658950805664
423,0.4234234094619751,55.90675735473633,-0.0002956241660285741,-0.006584519520401955,8.516695022583008
424,0.424424409866333,55.954193115234375,-0.00029691154486499727,-0.006366127636283636,7.8031110763549805
425,0.4254254102706909,56.00166702270508,-0.00029680057195946574,-0.00674470653757453,9.324681282043457
426,0.42642641067504883,56.04918670654297,-0.00031463621417060494,-0.007220441475510597,11.146101951599121
427,0.42742741107940674,56.096744537353516,-0.00033055117819458246,-0.006179398857057095,8.222850799560547
428,0.42842841148376465,56.14434814453125,-0.00033877312671393156,-0.005937496665865183,7.731675148010254
429,0.42942941188812256,56.191978454589844,-0.00034135545138269663,-0.005653468891978264,6.981753349304199
430,0.43043041229248047,56.239662170410156,-0.0003432082594372332,-0.006649875547736883,9.867823600769043
431,0.4314314126968384,56.287384033203125,-0.0003412667429074645,-0.006551375146955252,9.493389129638672
432,0.4324324131011963,56.335140228271484,-0.0003437692066654563,-0.006211130414158106,8.507095336914062
433,0.4334334135055542,56.3829460144043,-0.00035186257446184754,-0.007062590681016445,10.970426559448242
434,0.4344344139099121,56.430782318115234,-0.0003511227259878069,-0.005609823856502771,6.803455352783203
435,0.43543541431427,56.478668212890625,-0.000354643736500293,-0.005344970151782036,6.028441429138184
436,0.4364364445209503,56.526588439941406,-0.0003666825359687209,-0.004328109789639711,3.181893825531006
437,0.4374374449253082,56.574554443359375,-0.00037668400909751654,-0.0037615725304931402,1.621208667755127
438,0.43843844532966614,56.62255859375,-0.0003780692641157657,-0.003690614365041256,1.4100432395935059
439,0.43943944573402405,56.67060089111328,-0.0003792695642914623,-0.00356609676964581,1.042502760887146
440,0.44044044613838196,56.718685150146484,-0.0003893226385116577,-0.002882180502638221,-0.7336779832839966
441,0.44144144654273987,56.76681137084961,-0.0003753401106223464,-0.003575276816263795,1.1000927686691284
442,0.4424424469470978,56.814979553222656,-0.0003711208701133728,-0.003686242736876011,1.4990439414978027
443,0.4434434473514557,56.86318588256836,-0.0003649591817520559,-0.004458208102732897,3.669520616531372
444,0.4444444477558136,56.911434173583984,-0.0003709488082677126,-0.003969752229750156,2.38533353805542
445,0.4454454481601715,56.95972442626953,-0.00037285787402652204,-0.004026815760880709,2.613870620727539
446,0.4464464485645294,57.008056640625,-0.00037894450360909104,-0.0036541589070111513,1.717180609703064
447,0.44744744896888733,57.056427001953125,-0.0003943659830838442,-0.002505218144506216,-1.1104289293289185
448,0.44844844937324524,57.10483932495117,-0.00039705116068944335,-0.0025398042052984238,-0.7965562343597412
449,0.44944944977760315,57.153297424316406,-0.00039168077637441456,-0.003367190482094884,1.5008697509765625
450,0.45045045018196106,57.20178985595703,-0.0004119650402572006,-0.0013355473056435585,-3.3534493446350098
451,0.45145145058631897,57.25032424926758,-0.0004083648673258722,-0.0019786632619798183,-1.6539497375488281
452,0.4524524509906769,57.29890060424805,-0.0004207800957374275,-0.0009440108551643789,-4.0231146812438965
453,0.4534534513950348,57.3475227355957,-0.00042494485387578607,-0.0008338240440934896,-4.196108341217041
454,0.4544544517993927,57.396183013916016,-0.0004272172518540174,-0.0007863529026508331,-4.233956336975098
455,0.4554554522037506,57.444881439208984,-0.00042609820957295597,-0.000959613302256912,-3.7391438484191895
456,0.4564564526081085,57.49362564086914,-0.0004222038551233709,-0.0013357899151742458,-2.645721912384033
457,0.45745745301246643,57.54240417480469,-0.00043025368358939886,-0.0005756139289587736,-4.217545509338379
458,0.45845845341682434,57.59122848510742,-0.0004384260973893106,-0.00010286446922691539,-5.213299751281738
459,0.45945945382118225,57.640098571777344,-0.00047070300206542015,0.0016640835674479604,-9.09954833984375
460,0.46046045422554016,57.68900680541992,-0.0004595880163833499,0.0007934566820040345,-7.319612979888916
461,0.46146145462989807,57.73795700073242,-0.00043715682113543153,-0.000488454126752913,-4.557548522949219
462,0.462462455034256,57.786949157714844,-0.00043049119994975626,-0.0008407059940509498,-3.835664987564087
463,0.4634634554386139,57.83598327636719,-0.00043341959826648235,-0.0006281629321165383,-4.3950605392456055
464,0.4644644558429718,57.88505554199219,-0.000436012982390821,-0.0004358442092780024,-4.98148250579834
465,0.4654654562473297,57.934165954589844,-0.0004221243434585631,-0.0015591599512845278,-2.5226235389709473
466,0.4664664566516876,57.98332977294922,-0.00043319168617017567,-0.0005327527760528028,-4.982621192932129
467,0.46746745705604553,58.03252410888672,-0.0004150455060880631,-0.0015807647723704576,-2.5450592041015625
468,0.46846845746040344,58.08176803588867,-0.00040943530621007085,-0.0016187764704227448,-2.4930007457733154
469,0.46946945786476135,58.131046295166016,-0.0004238177789375186,-0.0007929459097795188,-4.618190765380859
470,0.47047045826911926,58.18037414550781,-0.00046297450899146497,0.0005953569198027253,-7.964682102203369
471,0.4714714586734772,58.229740142822266,-0.0004812203987967223,0.001097446191124618,-9.259224891662598
472,0.4724724590778351,58.27914810180664,-0.00043386744800955057,-0.0006652088486589491,-5.658079147338867
473,0.473473459482193,58.32859802246094,-0.00043720367830246687,-0.000610336777754128,-5.938406944274902
474,0.4744744598865509,58.37809371948242,-0.0004237448738422245,-0.0008969440823420882,-5.260405540466309
475,0.4754754602909088,58.42762756347656,-0.000386277271900326,-0.0017870210576802492,-2.9523932933807373
476,0.4764764606952667,58.47719955444336,-0.00042074525845237076,-0.0006124182255007327,-5.7078657150268555
477,0.47747746109962463,58.52682113647461,-0.00040692268521524966,-0.0007836357108317316,-5.173872947692871
478,0.47847846150398254,58.57647705078125,-0.00041275029070675373,-0.0003189585986547172,-6.200394630432129
479,0.47947946190834045,58.626182556152344,-0.00039994771941564977,-0.0007724520983174443,-5.0420451164245605
480,0.48048046231269836,58.675926208496094,-0.000397513504140079,-0.0008894935017451644,-4.614176273345947
481,0.4814814627170563,58.725711822509766,-0.0004019539337605238,-0.0006256639608182013,-5.082168102264404
482,0.4824824631214142,58.775543212890625,-0.0003901334712281823,-0.00128744391258806,-3.192139148712158
483,0.4834834635257721,58.82541275024414,-0.00037513580173254013,-0.0024173392448574305,-0.08597636222839355
484,0.48448446393013,58.875328063964844,-0.0003834762319456786,-0.0019740567076951265,-1.1649291515350342
485,0.4854854643344879,58.92528533935547,-0.0003876849659718573,-0.001969591248780489,-1.1173430681228638
486,0.4864864647388458,58.97528076171875,-0.00038818741450086236,-0.002039474667981267,-0.7753157019615173
487,0.4874874949455261,59.025325775146484,-0.00039052177453413606,-0.001837235875427723,-1.0518896579742432
488,0.48848849534988403,59.07540512084961,-0.00037993828300386667,-0.0024293262977153063,0.6297791004180908
489,0.48948949575424194,59.12553024291992,-0.0003830385976471007,-0.0021183148492127657,-0.12351858615875244
490,0.49049049615859985,59.17570114135742,-0.00036990034277550876,-0.002617840887978673,1.2501720190048218
491,0.49149149656295776,59.22591781616211,-0.00037655228516086936,-0.002141950186342001,0.008180618286132812
492,0.4924924969673157,59.27616500854492,-0.0004099917714484036,-0.000328516325680539,-4.657984256744385
493,0.4934934973716736,59.32646560668945,-0.00040502683259546757,-0.0004211491032037884,-4.53726863861084
494,0.4944944977760315,59.376800537109375,-0.00038272974779829383,-0.0016806881176307797,-1.4807705879211426
495,0.4954954981803894,59.427181243896484,-0.00037472910480573773,-0.002314378507435322,0.027505040168762207
496,0.4964964985847473,59.47761154174805,-0.0003712268080562353,-0.0027281981892883778,0.9665215015411377
497,0.4974974989891052,59.528072357177734,-0.00037946319207549095,-0.0022297436371445656,-0.43731793761253357
498,0.49849849939346313,59.57858657836914,-0.00038082231185398996,-0.0021334439516067505,-0.7574130296707153
499,0.49949949979782104,59.62913513183594,-0.00037352630170062184,-0.0026355483569204807,0.4653714895248413
500,0.500500500202179,59.67972946166992,-0.00037726893788203597,-0.0023566177114844322,-0.34553736448287964
501,0.5015015006065369,59.73036575317383,-0.00037363707087934017,-0.0026181419380009174,0.3073868155479431
502,0.5025025010108948,59.78105163574219,-0.0003706652787514031,-0.0029401322826743126,1.143521785736084
503,0.5035035014152527,59.83177947998047,-0.00037451693788170815,-0.002822950715199113,0.8287138938903809
504,0.5045045018196106,59.88254165649414,-0.0003761568805202842,-0.002693125745281577,0.5292490720748901
505,0.5055055022239685,59.93335723876953,-0.0003621322684921324,-0.0033579349983483553,2.4291741847991943
506,0.5065065026283264,59.98421096801758,-0.0003702305839397013,-0.0027991344686597586,1.0224127769470215
507,0.5075075030326843,60.03510665893555,-0.00038694977411068976,-0.0018548838561400771,-1.3344945907592773
508,0.5085085034370422,60.08604431152344,-0.0004099068173673004,-0.0005197887076064944,-4.513363838195801
509,0.5095095038414001,60.13703155517578,-0.00041185232112184167,-0.00031064884387888014,-4.945688247680664
510,0.5105105042457581,60.18806076049805,-0.0004082642844878137,-0.0004536863707471639,-4.591888904571533
511,0.511511504650116,60.2391242980957,-0.0004373716074042022,0.0011088676983490586,-8.277911186218262
512,0.5125125050544739,60.29024124145508,-0.0004025457601528615,-0.0005587656050920486,-4.33400821685791
513,0.5135135054588318,60.341392517089844,-0.0003835280076600611,-0.001340821967460215,-2.305962562561035
514,0.5145145058631897,60.39259719848633,-0.00038717896677553654,-0.000969782704487443,-3.2313709259033203
515,0.5155155062675476,60.44384002685547,-0.00043980113696306944,0.0016659193206578493,-9.630428314208984
516,0.5165165066719055,60.495121002197266,-0.00041481113294139504,0.0005827437271364033,-7.03518533706665
517,0.5175175070762634,60.54645538330078,-0.00041582563426345587,0.0007372195250354707,-7.294164657592773
518,0.5185185074806213,60.59783172607422,-0.0003998003085143864,8.827238343656063e-05,-5.601330757141113
519,0.5195195078849792,60.64924621582031,-0.0004014834703411907,0.00031969952397048473,-6.087585926055908
520,0.5205205082893372,60.700706481933594,-0.00039347834535874426,3.1892235710984096e-05,-5.272680759429932
521,0.5215215086936951,60.75221252441406,-0.00039686026866547763,0.00032968263258226216,-5.990479946136475
522,0.522522509098053,60.80376434326172,-0.0004082056984771043,0.0010596869979053736,-7.820510387420654
523,0.5235235095024109,60.85535430908203,-0.0004114669864065945,0.0013106605038046837,-8.451136589050293
524,0.5245245099067688,60.90699005126953,-0.00041471607983112335,0.0014962401473894715,-8.919598579406738
525,0.5255255103111267,60.95866775512695,-0.00040920620085671544,0.0010832458501681685,-7.956920146942139
526,0.5265265107154846,61.01039123535156,-0.00041163142304867506,0.0011658243602141738,-8.229555130004883
527,0.5275275111198425,61.06216049194336,-0.00039361027302220464,-2.5600984372431412e-05,-5.354192733764648
528,0.5285285115242004,61.11397171020508,-0.000413497764384374,0.0012221919605508447,-8.540227890014648
529,0.5295295119285583,61.165828704833984,-0.0004224594740662724,0.0018140428001061082,-10.057435989379883
530,0.5305305123329163,61.21773147583008,-0.00042317056795582175,0.0018966248026117682,-10.332106590270996
531,0.5315315127372742,61.26966857910156,-0.00040698371594771743,0.0009158438188023865,-8.004959106445312
532,0.5325325131416321,61.3216552734375,-0.0003900958690792322,1.4284571989264805e-05,-5.753076553344727
533,0.53353351354599,61.373695373535156,-0.00037777694524265826,-0.0006317900260910392,-4.0406036376953125
534,0.5345345139503479,61.4257698059082,-0.0003975387953687459,0.0006640267092734575,-7.346203804016113
535,0.5355355143547058,61.47788619995117,-0.0004158759256824851,0.0018279349897056818,-10.088409423828125
536,0.5365365147590637,61.530052185058594,-0.00041551387403160334,0.0018967740470543504,-10.10131549835205
537,0.5375375151634216,61.5822639465332,-0.00041069413418881595,0.0015401230193674564,-9.090152740478516
538,0.5385385155677795,61.63451385498047,-0.00039440381806343794,0.000440059055108577,-6.275035381317139
539,0.5395395755767822,61.68681716918945,-0.00037021160824224353,-0.0010055761085823178,-2.500077247619629
540,0.5405405759811401,61.73915481567383,-0.00037260178942233324,-0.0008512025815434754,-2.973647356033325
541,0.541541576385498,61.791542053222656,-0.0003739860258065164,-0.0007401356124319136,-3.3103411197662354
542,0.542542576789856,61.843971252441406,-0.0003692488244269043,-0.0009607340325601399,-2.7244889736175537
543,0.5435435771942139,61.89645004272461,-0.0003850149514619261,-7.46053337934427e-05,-5.049407005310059
544,0.5445445775985718,61.94896697998047,-0.0003817710094153881,-0.0002662107872311026,-4.525335311889648
545,0.5455455780029297,62.001529693603516,-0.0003974457795266062,0.0005583316669799387,-6.639527320861816
546,0.5465465784072876,62.05413818359375,-0.0004147060099057853,0.0014614916872233152,-8.900785446166992
547,0.5475475788116455,62.10679244995117,-0.00038996804505586624,-0.00015944561164360493,-4.864932537078857
548,0.5485485792160034,62.159488677978516,-0.00042772063170559704,0.0018855868838727474,-9.77804946899414
549,0.5495495796203613,62.21223068237305,-0.0004321018059272319,0.0020051354076713324,-9.921727180480957
550,0.5505505800247192,62.26502227783203,-0.0004404874925967306,0.0030144527554512024,-12.01870346069336
551,0.5515515804290771,62.31785202026367,-0.0004396293661557138,0.0030260158237069845,-11.826597213745117
552,0.5525525808334351,62.3707275390625,-0.0004400766338221729,0.004224459175020456,-14.35444164276123
553,0.553553581237793,62.42365264892578,-0.0004361309693194926,0.004661894869059324,-15.20829963684082
554,0.5545545816421509,62.476619720458984,-0.0004307478084228933,0.004577407147735357,-14.960986137390137
555,0.5555555820465088,62.52962875366211,-0.0004230694903526455,0.003252133261412382,-11.88127326965332
556,0.5565565824508667,62.58268737792969,-0.0004178783274255693,0.0030637606978416443,-11.535306930541992
557,0.5575575828552246,62.63578796386719,-0.00041309784865006804,0.002899194834753871,-11.320503234863281
558,0.5585585832595825,62.688934326171875,-0.00040728296153247356,0.0025560043286532164,-10.704385757446289
559,0.5595595836639404,62.74212646484375,-0.00040756858652457595,0.0030619187746196985,-12.233997344970703
560,0.5605605840682983,62.79536437988281,-0.0004075501929037273,0.0030296596232801676,-12.49679946899414
561,0.5615615844726562,62.8486442565918,-0.00041333650005981326,0.0036914334632456303,-14.334379196166992
562,0.5625625848770142,62.901973724365234,-0.0004162255791015923,0.0038061020895838737,-14.719294548034668
563,0.5635635852813721,62.955345153808594,-0.00041464000241830945,0.0031903027556836605,-13.218674659729004
564,0.56456458568573,63.008766174316406,-0.0004238147521391511,0.003935587126761675,-14.948486328125
565,0.5655655860900879,63.062225341796875,-0.00042809726437553763,0.004018374253064394,-15.018160820007324
566,0.5665665864944458,63.11573791503906,-0.00042949707130901515,0.003936943598091602,-14.652091979980469
567,0.5675675868988037,63.16929244995117,-0.0004239214467816055,0.0031035966239869595,-12.50065803527832
568,0.5685685873031616,63.2228889465332,-0.00042266573291271925,0.003154922742396593,-12.42972183227539
569,0.5695695877075195,63.27653503417969,-0.0004178290837444365,0.002750122919678688,-11.315118789672852
570,0.5705705881118774,63.33022689819336,-0.0004165549762547016,0.002936243312433362,-11.654195785522461
571,0.5715715885162354,63.38396072387695,-0.0004106751293875277,0.002671410096809268,-10.958507537841797
572,0.5725725889205933,63.437744140625,-0.0004080698126927018,0.00301293283700943,-11.773287773132324
573,0.5735735893249512,63.4915657043457,-0.0003997886669822037,0.0022575962357223034,-9.920387268066406
574,0.5745745897293091,63.545440673828125,-0.000395307841245085,0.0019442877965047956,-9.201220512390137
575,0.575575590133667,63.599361419677734,-0.00039376644417643547,0.0018841017736122012,-9.113654136657715
576,0.5765765905380249,63.65332794189453,-0.0003991396224591881,0.0031923954375088215,-12.452168464660645
577,0.5775775909423828,63.707332611083984,-0.00040075223660096526,0.00391523540019989,-14.305183410644531
578,0.5785785913467407,63.761390686035156,-0.00039690607809461653,0.0031741224229335785,-12.504072189331055
579,0.5795795917510986,63.815494537353516,-0.0003985462826676667,0.003960862755775452,-14.503144264221191
580,0.5805805921554565,63.8696403503418,-0.00039811362512409687,0.0038622720167040825,-14.21117877960205
581,0.5815815925598145,63.92383575439453,-0.00040162799996323884,0.0049291267059743404,-16.791988372802734
582,0.5825825929641724,63.97807693481445,-0.0004018770414404571,0.005500233266502619,-18.080379486083984
583,0.5835835933685303,64.03236389160156,-0.0004005630617029965,0.005579965189099312,-18.18389129638672
584,0.5845845937728882,64.0866928100586,-0.00040134330629371107,0.005877376068383455,-18.888914108276367
585,0.5855855941772461,64.14107513427734,-0.000403266167268157,0.006180831231176853,-19.672523498535156
586,0.586586594581604,64.19549560546875,-0.00039558688877150416,0.004712721332907677,-16.04490089416504
587,0.5875875949859619,64.24996948242188,-0.00039624981582164764,0.005525267217308283,-18.15538787841797
588,0.5885885953903198,64.30448150634766,-0.0003944429336115718,0.005552597343921661,-18.25772476196289
589,0.5895895957946777,64.35903930664062,-0.00039551439112983644,0.006170863751322031,-19.85338592529297
590,0.5905905961990356,64.41365814208984,-0.00039149023359641433,0.005328663159161806,-17.737768173217773
591,0.5915915966033936,64.46830749511719,-0.0003921850584447384,0.00546428794041276,-18.125789642333984
592,0.5925925970077515,64.52301025390625,-0.0003929310478270054,0.005257944576442242,-17.563518524169922
593,0.5935935974121094,64.5777587890625,-0.00039381737587973475,0.005089253652840853,-17.021852493286133
594,0.5945945978164673,64.63255310058594,-0.00039458039100281894,0.0050474912859499454,-16.8262939453125
595,0.5955955982208252,64.68739318847656,-0.000395102018956095,0.005332933273166418,-17.50489044189453
596,0.5965965986251831,64.74227905273438,-0.00039659568574279547,0.004080982878804207,-14.359265327453613
597,0.597597599029541,64.7972183227539,-0.00039381327223964036,0.0050952741876244545,-17.03135871887207
598,0.5985985994338989,64.8521957397461,-0.00039143074536696076,0.005054257810115814,-17.088970184326172
599,0.5995995998382568,64.9072265625,-0.0003914673288818449,0.00564897945150733,-18.767826080322266
600,0.6006006002426147,64.96229553222656,-0.00039128208300098777,0.005206047557294369,-17.67967987060547
601,0.6016016006469727,65.01741790771484,-0.00039272598223760724,0.004290873184800148,-15.356084823608398
602,0.6026026010513306,65.07258605957031,-0.0003956109285354614,0.004383978899568319,-15.594965934753418
603,0.6036036014556885,65.12779998779297,-0.00039733308949507773,0.004979350604116917,-17.083892822265625
604,0.6046046018600464,65.18305969238281,-0.00039775107870809734,0.005536466371268034,-18.463176727294922
605,0.6056056022644043,65.23836517333984,-0.00039809674490243196,0.006446010433137417,-20.758678436279297
606,0.6066066026687622,65.2937240600586,-0.0003976600128225982,0.006837109569460154,-21.789302825927734
607,0.6076076030731201,65.34912872314453,-0.0003971191181335598,0.006898225285112858,-22.007469177246094
608,0.608608603477478,65.40457916259766,-0.00039855900104157627,0.007246706169098616,-22.96232032775879
609,0.6096096038818359,65.46007537841797,-0.000396366958739236,0.006740255281329155,-21.742761611938477
610,0.6106106042861938,65.51561737060547,-0.0003941490431316197,0.0062958900816738605,-20.652389526367188
611,0.6116116046905518,65.57120513916016,-0.0003924791235476732,0.006301634479314089,-20.710556030273438
612,0.6126126050949097,65.62684631347656,-0.0003901673771906644,0.005752661731094122,-19.270572662353516
613,0.6136136054992676,65.68252563476562,-0.0003901052405126393,0.005307815968990326,-18.0629825592041
614,0.6146146059036255,65.7382583618164,-0.00039165024645626545,0.005301933269947767,-17.980175018310547
615,0.6156156063079834,65.79403686523438,-0.00039280037162825465,0.005578727461397648,-18.615989685058594
616,0.6166166067123413,65.84986877441406,-0.00039333320455625653,0.005458354484289885,-18.250146865844727
617,0.6176176071166992,65.9057388305664,-0.00039340127841569483,0.006036541890352964,-19.710994720458984
618,0.6186186075210571,65.96166229248047,-0.0003926999925170094,0.005931126419454813,-19.449613571166992
619,0.619619607925415,66.01763153076172,-0.00039222915074788034,0.006074346136301756,-19.838003158569336
620,0.620620608329773,66.07364654541016,-0.00039314042078331113,0.006121020298451185,-20.007715225219727
621,0.6216216087341309,66.12971496582031,-0.00039349624421447515,0.005648184567689896,-18.872888565063477
622,0.6226226091384888,66.18582916259766,-0.00039564014878124,0.006322410423308611,-20.60878562927246
623,0.6236236095428467,66.24198150634766,-0.0003958280722144991,0.006048758514225483,-19.907154083251953
624,0.6246246099472046,66.29818725585938,-0.00039494753582403064,0.005619904492050409,-18.787031173706055
625,0.6256256103515625,66.35443878173828,-0.0003930919920094311,0.003911040723323822,-14.40119457244873
626,0.6266266107559204,66.4107437133789,-0.00039349531289190054,0.00430781627073884,-15.38636589050293
627,0.6276276111602783,66.46709442138672,-0.0003934669657610357,0.004146322142332792,-14.976334571838379
628,0.6286286115646362,66.52349090576172,-0.0003929750819224864,0.0037861948367208242,-14.06015682220459
629,0.6296296119689941,66.57994079589844,-0.00039161485619843006,0.003769526258111,-13.978241920471191
630,0.630630612373352,66.63642883300781,-0.0003865464241243899,0.0029810236301273108,-11.895998001098633
631,0.63163161277771,66.6929702758789,-0.0003843643353320658,0.0032282632309943438,-12.500914573669434
632,0.6326326131820679,66.74955749511719,-0.0003806901222560555,0.0031633616890758276,-12.321919441223145
633,0.6336336135864258,66.80619812011719,-0.00037684975541196764,0.0028003596235066652,-11.34708309173584
634,0.6346346139907837,66.86288452148438,-0.00037761684507131577,0.002990458160638809,-11.862228393554688
635,0.6356356143951416,66.91961669921875,-0.0003649285645224154,0.0013419619062915444,-7.478233337402344
636,0.6366366147994995,66.97640228271484,-0.00036693766014650464,0.0015316772041842341,-8.06828498840332
637,0.6376376152038574,67.0332260131836,-0.00036511500366032124,0.0013441105838865042,-7.66602897644043
638,0.6386386156082153,67.0901107788086,-0.0003691111924126744,0.0016835061833262444,-8.754884719848633
639,0.6396396160125732,67.14703369140625,-0.00034929829416796565,0.0001700997381703928,-4.704776763916016
640,0.6406406164169312,67.20401000976562,-0.0003538176533766091,0.0004622480773832649,-5.648775577545166
641,0.6416416764259338,67.26103210449219,-0.00035196670796722174,0.00033298818743787706,-5.3405961990356445
642,0.6426426768302917,67.31810760498047,-0.000341272447258234,-0.0003179718623869121,-3.429154872894287
643,0.6436436772346497,67.37522888183594,-0.00033980823354795575,-0.0003265368868596852,-3.27115797996521
644,0.6446446776390076,67.4323959350586,-0.00033896698732860386,-0.0002745183010119945,-3.2311599254608154
645,0.6456456780433655,67.48960876464844,-0.0003343068528920412,-0.00046983567881397903,-2.4373867511749268
646,0.6466466784477234,67.546875,-0.0003243546234443784,-0.0011007137363776565,-0.36605963110923767
647,0.6476476788520813,67.60418701171875,-0.0003242973471060395,-0.0009762566769495606,-0.6616837978363037
648,0.6486486792564392,67.66155242919922,-0.0003321493277326226,-0.0002474052016623318,-2.847468614578247
649,0.6496496796607971,67.71896362304688,-0.000315357930958271,-0.0013506353134289384,0.5396100878715515
650,0.650650680065155,67.77642822265625,-0.0003137600142508745,-0.001309931161813438,0.3678640127182007
651,0.6516516804695129,67.83393859863281,-0.000304046698147431,-0.0019536109175533056,2.3155763149261475
652,0.6526526808738708,67.89148712158203,-0.0003079530142713338,-0.0014732115669175982,0.5401923656463623
653,0.6536536812782288,67.9490966796875,-0.00030579749727621675,-0.001556112547405064,0.6169171333312988
654,0.6546546816825867,68.00675201416016,-0.00033343632821924984,3.482911779428832e-05,-4.462272644042969
655,0.6556556820869446,68.064453125,-0.0003297950024716556,-0.00014003778051119298,-3.8313040733337402
656,0.6566566824913025,68.1222152709961,-0.0003135662409476936,-0.0011485139839351177,-0.5755137801170349
657,0.6576576828956604,68.18000793457031,-0.0003118521999567747,-0.001321549410931766,0.12008452415466309
658,0.6586586833000183,68.23786163330078,-0.000328396272379905,-0.00022065370285417885,-3.1566643714904785
659,0.6596596837043762,68.29576110839844,-0.0003209866408724338,-0.0007069078856147826,-1.474172830581665
660,0.6606606841087341,68.35371398925781,-0.0003104231436736882,-0.0015348060987889767,1.3569860458374023
661,0.661661684513092,68.41171264648438,-0.00030987418722361326,-0.0015735640190541744,1.721942663192749
662,0.66266268491745,68.46975708007812,-0.00032364000799134374,-0.00017100185505114496,-2.5317070484161377
663,0.6636636853218079,68.5278549194336,-0.00033136148704215884,0.0005614501424133778,-4.660630702972412
664,0.6646646857261658,68.58599853515625,-0.0003385862219147384,0.0011319395853206515,-6.310505390167236
665,0.6656656861305237,68.64419555664062,-0.00035203510196879506,0.0026583692524582148,-10.70144271850586
666,0.6666666865348816,68.70243835449219,-0.0003445263719186187,0.001159844920039177,-6.435235500335693
667,0.6676676869392395,68.76073455810547,-0.000336313562002033,0.0003144057700410485,-4.046016216278076
668,0.6686686873435974,68.81907653808594,-0.00032801736961118877,-0.00032416978501714766,-2.229365110397339
669,0.6696696877479553,68.87747192382812,-0.00031637976644560695,-0.0011429510777816176,0.20578910410404205
670,0.6706706881523132,68.9359130859375,-0.0003177899052388966,-0.001035538618452847,-0.23278184235095978
671,0.6716716885566711,68.9944076538086,-0.0003159595653414726,-0.0010862728813663125,-0.14953261613845825
672,0.672672688961029,69.05294799804688,-0.0003108122036792338,-0.0012810789048671722,0.3830770254135132
673,0.673673689365387,69.11154174804688,-0.000316204852424562,-0.0006951096002012491,-1.6027357578277588
674,0.6746746897697449,69.17018127441406,-0.000313557538902387,-0.0006357657839544117,-1.8937300443649292
675,0.6756756901741028,69.22887420654297,-0.00031549707637168467,-0.0002838829532265663,-3.057506561279297
676,0.6766766905784607,69.2876205444336,-0.00030255617457441986,-0.000981530174612999,-0.769440770149231
677,0.6776776909828186,69.34640502929688,-0.00029753544367849827,-0.0012587481178343296,0.1906505823135376
678,0.6786786913871765,69.4052505493164,-0.0002900987456087023,-0.0017631604569032788,1.9775766134262085
679,0.6796796917915344,69.4641342163086,-0.00029134954093024135,-0.0016687515890225768,1.7726943492889404
680,0.6806806921958923,69.52307891845703,-0.00030361555400304496,-0.0008729343535378575,-0.776451051235199
681,0.6816816926002502,69.58206939697266,-0.0003049642837140709,-0.0008088615722954273,-0.887137770652771
682,0.6826826930046082,69.64111328125,-0.000298653612844646,-0.0014693024568259716,1.405297875404358
683,0.6836836934089661,69.7001953125,-0.000299253617413342,-0.0017587363254278898,2.433253765106201
684,0.684684693813324,69.75934600830078,-0.0003162819775752723,-0.0002064242580672726,-2.584669589996338
685,0.6856856942176819,69.81852722167969,-0.0003052638494409621,-0.0020280666649341583,3.279130458831787
686,0.6866866946220398,69.87776947021484,-0.000312180258333683,-0.0014280256582424045,1.284620761871338
687,0.6876876950263977,69.93706512451172,-0.0003145678201690316,-0.0012826781021431088,0.7823824882507324
688,0.6886886954307556,69.99640655517578,-0.00032378279138356447,-0.0004279943532310426,-1.9500176906585693
689,0.6896896958351135,70.05580139160156,-0.0003322988632135093,0.00032207646290771663,-4.243032455444336
690,0.6906906962394714,70.11524200439453,-0.00032328040106222034,-0.00013426021905615926,-2.8049144744873047
691,0.6916916966438293,70.17473602294922,-0.0003186386311426759,-0.0002871034957934171,-2.281446933746338
692,0.6926926970481873,70.23428344726562,-0.00030564615735784173,-0.0011102231219410896,0.40418100357055664
693,0.6936936974525452,70.29387664794922,-0.00032981191179715097,0.0006848492776043713,-5.221217155456543
694,0.6946946978569031,70.353515625,-0.0003404816670808941,0.0017291869735345244,-8.355640411376953
695,0.695695698261261,70.41321563720703,-0.0003448951174505055,0.0032116081565618515,-12.697601318359375
696,0.6966966986656189,70.47296142578125,-0.00034088920801877975,0.004600535612553358,-16.797595977783203
697,0.6976976990699768,70.53276062011719,-0.00033741979859769344,0.004682963714003563,-17.129201889038086
698,0.6986986994743347,70.59259796142578,-0.0003362374263815582,0.005260872188955545,-18.919639587402344
699,0.6996996998786926,70.65249633789062,-0.0003377216635271907,0.0039764512330293655,-15.152255058288574
700,0.7007007002830505,70.71244812011719,-0.0003386998432688415,0.005101690534502268,-18.490156173706055
701,0.7017017006874084,70.77244567871094,-0.000339827558491379,0.005663324613124132,-20.127321243286133
702,0.7027027010917664,70.83250427246094,-0.00034189820871688426,0.005476937163621187,-19.576255798339844
703,0.7037037014961243,70.8926010131836,-0.00034301981213502586,0.005418200511485338,-19.431087493896484
704,0.7047047019004822,70.95275115966797,-0.0003420999273657799,0.005058653187006712,-18.40244483947754
705,0.7057057023048401,71.0129623413086,-0.00033911061473190784,0.005531498696655035,-19.825057983398438
706,0.706706702709198,71.07321166992188,-0.0003360766568221152,0.004130327142775059,-15.720100402832031
707,0.7077077031135559,71.1335220336914,-0.0003309198364149779,0.002954577561467886,-12.226665496826172
708,0.7087087035179138,71.19387817382812,-0.00032762298360466957,0.003146354341879487,-12.837675094604492
709,0.7097097039222717,71.25428771972656,-0.0003287994477432221,0.004304296337068081,-16.437917709350586
710,0.7107107043266296,71.31475067138672,-0.00032629177439957857,0.0034250968601554632,-13.83545207977295
711,0.7117117047309875,71.37525939941406,-0.00032765133073553443,0.003557509509846568,-14.296046257019043
712,0.7127127051353455,71.4358139038086,-0.00032386305974796414,0.0029682028107345104,-12.480987548828125
713,0.7137137055397034,71.4964370727539,-0.0003274567425251007,0.004149180371314287,-16.016496658325195
714,0.7147147059440613,71.55709838867188,-0.00032652285881340504,0.004202316980808973,-16.07171630859375
715,0.7157157063484192,71.61781311035156,-0.0003280570963397622,0.005160151049494743,-18.859140396118164
716,0.7167167067527771,71.67858123779297,-0.0003255457559134811,0.004568603355437517,-16.962757110595703
717,0.717717707157135,71.7394027709961,-0.00032467045821249485,0.004835781175643206,-17.762062072753906
718,0.7187187075614929,71.8002700805664,-0.00032580975675955415,0.004709635861217976,-17.391420364379883
719,0.7197197079658508,71.86119842529297,-0.00032851469586603343,0.00509300222620368,-18.60112762451172
720,0.7207207083702087,71.92217254638672,-0.00033074666862376034,0.00541256507858634,-19.60507583618164
721,0.7217217087745667,71.98320007324219,-0.000330854527419433,0.0058309705927968025,-20.92169189453125
722,0.7227227091789246,72.04427337646484,-0.00033123555476777256,0.007258187513798475,-25.274723052978516
723,0.7237237095832825,72.10540771484375,-0.0003317532246001065,0.008385217748582363,-28.70508575439453
724,0.7247247099876404,72.16658782958984,-0.0003314683854114264,0.009955371730029583,-33.52483367919922
725,0.7257257103919983,72.22782135009766,-0.00032956807990558445,0.010139001533389091,-34.24923324584961
726,0.7267267107963562,72.28910827636719,-0.00033028077450580895,0.011492257006466389,-38.57642364501953
727,0.7277277112007141,72.3504409790039,-0.00032707524951547384,0.010751529596745968,-36.533241271972656
728,0.728728711605072,72.41183471679688,-0.0003289222368039191,0.011593498289585114,-39.3307991027832
729,0.7297297120094299,72.47327423095703,-0.00032520852982997894,0.010945112444460392,-37.5786247253418
730,0.7307307124137878,72.53477478027344,-0.00032425078097730875,0.0107558099552989,-37.121273040771484
731,0.7317317128181458,72.59632110595703,-0.0003199276980012655,0.009795837104320526,-34.170631408691406
732,0.7327327132225037,72.65791320800781,-0.0003147467505186796,0.008586316369473934,-30.356565475463867
733,0.7337337136268616,72.71956634521484,-0.0003148422110825777,0.008972419425845146,-31.52381706237793
734,0.7347347140312195,72.78126525878906,-0.00031145854154601693,0.008381962776184082,-29.53204345703125
735,0.7357357144355774,72.84302520751953,-0.00031126951216720045,0.00872648786753416,-30.507165908813477
736,0.7367367148399353,72.90483093261719,-0.00031282156123779714,0.009596437215805054,-33.145599365234375
737,0.7377377152442932,72.96669006347656,-0.00031272516935132444,0.008755332790315151,-30.294681549072266
738,0.7387387156486511,73.02860260009766,-0.0003141982015222311,0.00894753634929657,-30.855445861816406
739,0.739739716053009,73.09056854248047,-0.0003149558324366808,0.008588985539972782,-29.743412017822266
740,0.7407407164573669,73.152587890625,-0.0003155452141072601,0.009238763712346554,-31.90704345703125
741,0.7417417168617249,73.21465301513672,-0.0003171479911543429,0.009920384734869003,-34.17982864379883
742,0.7427427172660828,73.27677917480469,-0.000318964128382504,0.010204101912677288,-35.21575927734375
743,0.7437437772750854,73.33895874023438,-0.0003212539595551789,0.010520837269723415,-36.34940719604492
744,0.7447447776794434,73.40119171142578,-0.0003201369836460799,0.009997105225920677,-34.831077575683594
745,0.7457457780838013,73.46347045898438,-0.0003201537183485925,0.009959740564227104,-34.77262496948242
746,0.7467467784881592,73.52580261230469,-0.0003170805284753442,0.009184081107378006,-32.324703216552734
747,0.7477477788925171,73.58819580078125,-0.0003175106248818338,0.009507270529866219,-33.33462905883789
748,0.748748779296875,73.65062713623047,-0.00031463586492463946,0.008817989379167557,-31.196372985839844
749,0.7497497797012329,73.71311950683594,-0.00031538534676656127,0.00915287621319294,-32.3232421875
750,0.7507507801055908,73.77567291259766,-0.00031971733551472425,0.010314936749637127,-36.010738372802734
751,0.7517517805099487,73.83826446533203,-0.00032233039382845163,0.0107450345531106,-37.35283660888672
752,0.7527527809143066,73.90092468261719,-0.00032666907645761967,0.011623718775808811,-40.02366256713867
753,0.7537537813186646,73.963623046875,-0.00032715732231736183,0.011045601218938828,-38.24237060546875
754,0.7547547817230225,74.02638244628906,-0.0003282633260823786,0.011682105250656605,-40.274452209472656
755,0.7557557821273804,74.08919525146484,-0.000327005865983665,0.012456926517188549,-42.889244079589844
756,0.7567567825317383,74.15206146240234,-0.0003246010164730251,0.012083763256669044,-41.98814392089844
757,0.7577577829360962,74.21498107910156,-0.0003230939037166536,0.012374648824334145,-43.11327362060547
758,0.7587587833404541,74.2779541015625,-0.0003266619169153273,0.014365140348672867,-49.43101501464844
759,0.759759783744812,74.34097290039062,-0.0003314935020171106,0.015469903126358986,-52.874961853027344
760,0.7607607841491699,74.404052734375,-0.0003343228599987924,0.015641817823052406,-53.36909484863281
761,0.7617617845535278,74.4671859741211,-0.0003385675954632461,0.016302775591611862,-55.31002426147461
762,0.7627627849578857,74.53038024902344,-0.00033328705467283726,0.015186294913291931,-52.02523422241211
763,0.7637637853622437,74.59361267089844,-0.00033122196327894926,0.015091322362422943,-51.796512603759766
764,0.7647647857666016,74.65690612792969,-0.0003245040716137737,0.013941320590674877,-48.3294792175293
765,0.7657657861709595,74.72025299072266,-0.000324228749377653,0.014196028001606464,-49.11941146850586
766,0.7667667865753174,74.78365325927734,-0.0003261755337007344,0.015070905908942223,-51.80746078491211
767,0.7677677869796753,74.84710693359375,-0.0003212406300008297,0.014136157929897308,-49.01951217651367
768,0.7687687873840332,74.91061401367188,-0.0003219019854441285,0.015104918740689754,-52.25190353393555
769,0.7697697877883911,74.97418212890625,-0.00031978258630260825,0.01500591542571783,-52.12101364135742
770,0.770770788192749,75.03779602050781,-0.00032047482091002166,0.015434776432812214,-53.53740692138672
771,0.7717717885971069,75.1014633178711,-0.0003201507206540555,0.015091112814843655,-52.44582748413086
772,0.7727727890014648,75.1651840209961,-0.0003228692221455276,0.01559835858643055,-53.958946228027344
773,0.7737737894058228,75.22896575927734,-0.0003272283065598458,0.016471663489937782,-56.45069885253906
774,0.7747747898101807,75.29280090332031,-0.0003282896941527724,0.017030930146574974,-58.12096405029297
775,0.7757757902145386,75.35668182373047,-0.00032969893072731793,0.0182057972997427,-61.728363037109375
776,0.7767767906188965,75.42062377929688,-0.0003305559221189469,0.01936332881450653,-65.31198120117188
777,0.7777777910232544,75.484619140625,-0.00033276103204116225,0.020995650440454483,-70.28189849853516
778,0.7787787914276123,75.54866790771484,-0.0003323201381135732,0.021682752296328545,-72.5073471069336
779,0.7797797918319702,75.6127700805664,-0.00032997282687574625,0.020945720374584198,-70.35161590576172
780,0.7807807922363281,75.67693328857422,-0.000325867033097893,0.01937553472816944,-65.63367462158203
781,0.781781792640686,75.74114227294922,-0.0003229716094210744,0.018329888582229614,-62.545310974121094
782,0.782782793045044,75.80540466308594,-0.0003215618780814111,0.01799265667796135,-61.6645622253418
783,0.7837837934494019,75.8697280883789,-0.00031724764266982675,0.016632243990898132,-57.57579803466797
784,0.7847847938537598,75.9341049194336,-0.0003131996199954301,0.015795273706316948,-55.13865661621094
785,0.7857857942581177,75.99853515625,-0.00031667514122091234,0.017327023670077324,-60.172183990478516
786,0.7867867946624756,76.06301879882812,-0.00031272906926460564,0.016362175345420837,-57.20081329345703
787,0.7877877950668335,76.1275634765625,-0.0003171657444909215,0.017865652218461037,-61.958675384521484
788,0.7887887954711914,76.19215393066406,-0.0003152556892018765,0.01689034514129162,-58.7862434387207
789,0.7897897958755493,76.25680541992188,-0.00031692846096120775,0.017286503687500954,-59.933921813964844
790,0.7907907962799072,76.3215103149414,-0.0003154511796310544,0.016732487827539444,-58.14604949951172
791,0.7917917966842651,76.38626861572266,-0.0003160338965244591,0.017278922721743584,-59.97378921508789
792,0.792792797088623,76.45108032226562,-0.0003121682093478739,0.016001107171177864,-56.04662322998047
793,0.793793797492981,76.51595306396484,-0.000312494405079633,0.016433097422122955,-57.535213470458984
794,0.7947947978973389,76.58087921142578,-0.00030881809652782977,0.015101534314453602,-53.34475326538086
795,0.7957957983016968,76.64585876464844,-0.00030879664700478315,0.015327521599829197,-54.140377044677734
796,0.7967967987060547,76.71089172363281,-0.0003087625664193183,0.015275749377906322,-54.03452682495117
797,0.7977977991104126,76.7759780883789,-0.0003052898100577295,0.01370355673134327,-48.984519958496094
798,0.7987987995147705,76.84112548828125,-0.0003062170871999115,0.014291277155280113,-51.09902572631836
799,0.7997997999191284,76.90632629394531,-0.0003063768963329494,0.014421531930565834,-51.749237060546875
800,0.8008008003234863,76.97157287597656,-0.00030728738056495786,0.014697019942104816,-52.87451934814453
801,0.8018018007278442,77.03689575195312,-0.00030247477116063237,0.013186726719141006,-48.16133499145508
802,0.8028028011322021,77.10225677490234,-0.0003027298953384161,0.01316196657717228,-48.27423095703125
803,0.8038038015365601,77.16767883300781,-0.00030098058050498366,0.012405158020555973,-45.94330978393555
804,0.804804801940918,77.233154296875,-0.0003027313796337694,0.012755646370351315,-47.24906921386719
805,0.8058058023452759,77.29869079589844,-0.0003065662458539009,0.013800360262393951,-50.7196044921875
806,0.8068068027496338,77.36427307128906,-0.00030636636074632406,0.013496875762939453,-49.718666076660156
807,0.8078078031539917,77.42991638183594,-0.0003043744945898652,0.01247482094913721,-46.363582611083984
808,0.8088088035583496,77.49562072753906,-0.00030302139930427074,0.01209939830005169,-45.152069091796875
809,0.8098098039627075,77.56137084960938,-0.0003009762440342456,0.011711359024047852,-43.94601821899414
810,0.8108108043670654,77.62718963623047,-0.0002973648370243609,0.011106075718998909,-42.024417877197266
811,0.8118118047714233,77.69306182861328,-0.0002966203319374472,0.011523924767971039,-43.52934646606445
812,0.8128128051757812,77.75897979736328,-0.0002940168487839401,0.011302703991532326,-42.83995819091797
813,0.8138138055801392,77.82495880126953,-0.0002941889106296003,0.011818040162324905,-44.608882904052734
814,0.8148148059844971,77.8909912109375,-0.00029510329477488995,0.012393004260957241,-46.584346771240234
815,0.815815806388855,77.95708465576172,-0.0002952642098534852,0.012757073156535625,-47.844970703125
816,0.8168168067932129,78.02323150634766,-0.00029198391712270677,0.012665771879255772,-47.60909652709961
817,0.8178178071975708,78.08943176269531,-0.0002844881673809141,0.012001634575426579,-45.44081115722656
818,0.8188188076019287,78.15569305419922,-0.0002793019521050155,0.011816323734819889,-44.97188186645508
819,0.8198198080062866,78.22200775146484,-0.0002762771619018167,0.011901958845555782,-45.52803039550781
820,0.8208208084106445,78.28837585449219,-0.00026719190645962954,0.010829727165400982,-41.69941329956055
821,0.8218218088150024,78.35481262207031,-0.0002631892857607454,0.010400323197245598,-40.095218658447266
822,0.8228228092193604,78.4212875366211,-0.00026288049411959946,0.010759762488305569,-41.44707489013672
823,0.8238238096237183,78.48783874511719,-0.0002625662018544972,0.011005072854459286,-42.319461822509766
824,0.8248248100280762,78.55442810058594,-0.00026237231213599443,0.011055764742195606,-42.412662506103516
825,0.8258258104324341,78.62108612060547,-0.00026913220062851906,0.012229550629854202,-46.759674072265625
826,0.826826810836792,78.68779754638672,-0.00027269136626273394,0.01265810988843441,-48.20037078857422
827,0.8278278112411499,78.75455474853516,-0.0002730904961936176,0.012553622014820576,-47.66310119628906
828,0.8288288116455078,78.82138061523438,-0.00027412729104980826,0.01268888358026743,-48.18784713745117
829,0.8298298120498657,78.88825988769531,-0.00027515707188285887,0.012832820415496826,-48.856868743896484
830,0.8308308124542236,78.9552001953125,-0.0002742946962825954,0.012560821138322353,-47.981964111328125
831,0.8318318128585815,79.02220153808594,-0.0002727943647187203,0.012091374024748802,-46.326637268066406
832,0.8328328132629395,79.08924865722656,-0.00027150713140144944,0.011612510308623314,-44.67597961425781
833,0.8338338136672974,79.15635681152344,-0.000271908997092396,0.01203904114663601,-46.334510803222656
834,0.8348348140716553,79.22352600097656,-0.0002722243079915643,0.012247552163898945,-47.198081970214844
835,0.8358358144760132,79.29074096679688,-0.00027121457969769835,0.011485888622701168,-44.5607795715332
836,0.8368368148803711,79.35801696777344,-0.000271416938630864,0.011237271130084991,-43.759315490722656
837,0.837837815284729,79.42535400390625,-0.0002735141315497458,0.011699729599058628,-45.441532135009766
838,0.8388388156890869,79.49275207519531,-0.0002763610100373626,0.012735217809677124,-49.11254119873047
839,0.8398398160934448,79.56019592285156,-0.00027688127011060715,0.01163665484637022,-45.10287857055664
840,0.8408408164978027,79.62770080566406,-0.0002781751682050526,0.012145102955400944,-47.01494598388672
841,0.8418418169021606,79.69527435302734,-0.00027869053883478045,0.012058584950864315,-46.85123825073242
842,0.8428428173065186,79.76288604736328,-0.0002791634469758719,0.012563575059175491,-48.82426452636719
843,0.8438438177108765,79.83056640625,-0.0002782962401397526,0.012394741177558899,-48.40004348754883
844,0.8448448181152344,79.89830780029297,-0.00027766969287768006,0.012750623747706413,-49.84571838378906
845,0.8458458185195923,79.96610260009766,-0.0002780209470074624,0.013567851856350899,-52.94707107543945
846,0.846846878528595,80.0339584350586,-0.0002735905291046947,0.012176815420389175,-48.05406188964844
847,0.8478478789329529,80.10186004638672,-0.0002743446675594896,0.013177734799683094,-51.880699157714844
848,0.8488488793373108,80.16983032226562,-0.00027432473143562675,0.013742770068347454,-54.09870529174805
849,0.8498498797416687,80.23786163330078,-0.00027457589749246836,0.014405518770217896,-56.69599151611328
850,0.8508508801460266,80.30593872070312,-0.0002729694824665785,0.01467287726700306,-57.844940185546875
851,0.8518518805503845,80.37407684326172,-0.00027332117315381765,0.015326783061027527,-60.3452262878418
852,0.8528528809547424,80.44227600097656,-0.0002753756707534194,0.016284985467791557,-63.947227478027344
853,0.8538538813591003,80.51052856445312,-0.0002747882972471416,0.016422268003225327,-64.45269012451172
854,0.8548548817634583,80.57884216308594,-0.00026870353030972183,0.015252849087119102,-60.17096710205078
855,0.8558558821678162,80.647216796875,-0.00026825815439224243,0.015156686305999756,-59.8549919128418
856,0.8568568825721741,80.71565246582031,-0.00026591087225824594,0.014544641599059105,-57.64691162109375
857,0.857857882976532,80.78413391113281,-0.000258930551353842,0.013047539629042149,-52.005340576171875
858,0.8588588833808899,80.8526840209961,-0.0002604569308459759,0.013204365037381649,-52.63092803955078
859,0.8598598837852478,80.92127990722656,-0.00026230362709611654,0.01352892816066742,-53.89594650268555
860,0.8608608841896057,80.98995208740234,-0.00025949085829779506,0.01311170868575573,-52.33960723876953
861,0.8618618845939636,81.05866241455078,-0.000254846119787544,0.012443960644304752,-49.73705291748047
862,0.8628628849983215,81.12744903564453,-0.0002506076416466385,0.011536512523889542,-46.12263488769531
863,0.8638638854026794,81.19628143310547,-0.0002505715237930417,0.011722433380782604,-46.874176025390625
864,0.8648648858070374,81.26518249511719,-0.0002527361211832613,0.012387815862894058,-49.60028839111328
865,0.8658658862113953,81.3341293334961,-0.0002509051118977368,0.011747957207262516,-47.22812271118164
866,0.8668668866157532,81.40314483642578,-0.00025106361135840416,0.011584543623030186,-46.80715560913086
867,0.8678678870201111,81.47222137451172,-0.0002504341828171164,0.011108285747468472,-45.18529510498047
868,0.868868887424469,81.54134368896484,-0.00025042786728590727,0.010828633792698383,-44.30026626586914
869,0.8698698878288269,81.61053466796875,-0.0002498437534086406,0.009401554241776466,-38.797889709472656
870,0.8708708882331848,81.6797866821289,-0.0002490065817255527,0.009614857845008373,-39.899417877197266
871,0.8718718886375427,81.74909210205078,-0.00024949153885245323,0.00968791451305151,-40.452613830566406
872,0.8728728890419006,81.81845092773438,-0.00025342643493786454,0.010445143096148968,-43.588993072509766
873,0.8738738894462585,81.88787078857422,-0.00025523046497255564,0.0106277484446764,-44.25608444213867
874,0.8748748898506165,81.95735931396484,-0.00025844413903541863,0.01116644125431776,-46.20465850830078
875,0.8758758902549744,82.02690887451172,-0.0002590258955024183,0.011230750940740108,-46.30784606933594
876,0.8768768906593323,82.09650421142578,-0.00025843887124210596,0.01080275047570467,-44.579444885253906
877,0.8778778910636902,82.1661605834961,-0.00025810691295191646,0.010692695155739784,-44.18655014038086
878,0.8788788914680481,82.23587799072266,-0.0002607052738312632,0.011936692520976067,-49.14712905883789
879,0.879879891872406,82.30565643310547,-0.00025991362053900957,0.011941465549170971,-49.412593841552734
880,0.8808808922767639,82.37548828125,-0.0002552956866566092,0.010939080268144608,-45.83240509033203
881,0.8818818926811218,82.44538116455078,-0.0002569130447227508,0.01161244697868824,-48.74110412597656
882,0.8828828930854797,82.51534271240234,-0.00025259325047954917,0.010849988088011742,-45.83108901977539
883,0.8838838934898376,82.58535766601562,-0.00025749116321094334,0.012104379013180733,-50.762603759765625
884,0.8848848938941956,82.65543365478516,-0.0002539803390391171,0.011430220678448677,-48.100399017333984
885,0.8858858942985535,82.72557067871094,-0.0002518043329473585,0.010919539257884026,-46.0477409362793
886,0.8868868947029114,82.7957534790039,-0.00025285838637501,0.011110955849289894,-46.768802642822266
887,0.8878878951072693,82.86600494384766,-0.00025100947823375463,0.010794970206916332,-45.55421829223633
888,0.8888888955116272,82.93631744384766,-0.0002549972850829363,0.012008268386125565,-50.5396728515625
889,0.8898898959159851,83.00669860839844,-0.0002504949225112796,0.011227148585021496,-47.700286865234375
890,0.890890896320343,83.0771255493164,-0.00025180273223668337,0.01171667780727148,-49.91835403442383
891,0.8918918967247009,83.14761352539062,-0.0002518041292205453,0.011709857732057571,-50.094730377197266
892,0.8928928971290588,83.21817016601562,-0.00025327480398118496,0.012018444947898388,-51.44807434082031
893,0.8938938975334167,83.28878021240234,-0.0002521208662074059,0.01194846723228693,-51.2532844543457
894,0.8948948979377747,83.35945129394531,-0.0002518335240893066,0.01198990736156702,-51.46478271484375
895,0.8958958983421326,83.43018341064453,-0.00024534674594178796,0.01080841664224863,-46.716339111328125
896,0.8968968987464905,83.5009765625,-0.0002556414110586047,0.01272810623049736,-54.41350555419922
897,0.8978978991508484,83.57182312011719,-0.0002543105510994792,0.012545404955744743,-53.800689697265625
898,0.8988988995552063,83.64273071289062,-0.00025614467449486256,0.012960477732121944,-55.61492919921875
899,0.8998998999595642,83.71370697021484,-0.00025479664327576756,0.012869389727711678,-55.409278869628906
900,0.9009009003639221,83.78473663330078,-0.0002576295519247651,0.013443593867123127,-57.71660232543945
901,0.90190190076828,83.85582733154297,-0.00025736092356964946,0.013502072542905807,-58.04518127441406
902,0.9029029011726379,83.9269790649414,-0.00025693688075989485,0.013491280376911163,-58.171409606933594
903,0.9039039015769958,83.99818420410156,-0.00026019441429525614,0.014297743327915668,-61.45600128173828
904,0.9049049019813538,84.06946563720703,-0.00026185758179053664,0.015122427605092525,-64.71987915039062
905,0.9059059023857117,84.14079284667969,-0.00025914525031112134,0.014964780770242214,-64.15287780761719
906,0.9069069027900696,84.21219635009766,-0.00025492621352896094,0.01450987346470356,-62.28980255126953
907,0.9079079031944275,84.28364562988281,-0.00025220582028850913,0.01433596108108759,-61.45257568359375
908,0.9089089035987854,84.35516357421875,-0.0002486680750735104,0.013762892223894596,-59.00117874145508
909,0.9099099040031433,84.42674255371094,-0.0002467994054313749,0.013272750191390514,-56.93798828125
910,0.9109109044075012,84.49837493896484,-0.0002478488895576447,0.013577112928032875,-58.27954864501953
911,0.9119119048118591,84.57007598876953,-0.0002458717208355665,0.012805942445993423,-55.37016677856445
912,0.912912905216217,84.64183044433594,-0.0002445196732878685,0.012330743484199047,-53.72331237792969
913,0.913913905620575,84.71365356445312,-0.00024295697221532464,0.011831281706690788,-51.931488037109375
914,0.9149149060249329,84.78553009033203,-0.0002427138388156891,0.012003867886960506,-52.84539031982422
915,0.9159159064292908,84.85746765136719,-0.00024071037478279322,0.01167019922286272,-51.579410552978516
916,0.9169169068336487,84.92947387695312,-0.00024394439242314547,0.012807050719857216,-56.329010009765625
917,0.9179179072380066,85.00153350830078,-0.0002435595670249313,0.012857284396886826,-56.559268951416016
918,0.9189189076423645,85.07366180419922,-0.00024254518211819232,0.012739500030875206,-56.169769287109375
919,0.9199199080467224,85.1458511352539,-0.00024563304032199085,0.013530008494853973,-59.59236145019531
920,0.9209209084510803,85.21809387207031,-0.00024577591102570295,0.013791919685900211,-60.83739471435547
921,0.9219219088554382,85.29039764404297,-0.00024192457203753293,0.013190021738409996,-58.514713287353516
922,0.9229229092597961,85.3627700805664,-0.00024004041915759444,0.013067960739135742,-58.12486267089844
923,0.923923909664154,85.43519592285156,-0.00023449190484825522,0.01209147647023201,-54.082366943359375
924,0.924924910068512,85.50769805908203,-0.0002352151641389355,0.012425029650330544,-55.611717224121094
925,0.9259259104728699,85.58024597167969,-0.000231136626098305,0.01139651145786047,-51.295135498046875
926,0.9269269108772278,85.6528549194336,-0.00023057473299559206,0.011064628139138222,-49.91556930541992
927,0.9279279112815857,85.72554779052734,-0.00023415690520778298,0.011946432292461395,-53.76789093017578
928,0.9289289116859436,85.79827880859375,-0.00023270360543392599,0.011433575302362442,-51.625064849853516
929,0.9299299120903015,85.87108612060547,-0.00023446715204045177,0.011747878976166248,-52.93165588378906
930,0.9309309124946594,85.9439468383789,-0.0002323246153537184,0.011250232346355915,-50.83012008666992
931,0.9319319128990173,86.01686096191406,-0.0002332317380933091,0.011569013819098473,-52.2922248840332
932,0.9329329133033752,86.08985137939453,-0.0002324692759430036,0.011516103520989418,-52.18330764770508
933,0.9339339137077332,86.16289520263672,-0.00023582717403769493,0.012530951760709286,-56.55302810668945
934,0.9349349141120911,86.23600769042969,-0.00023561815032735467,0.012686625123023987,-57.21335983276367
935,0.935935914516449,86.3091812133789,-0.00023860175861045718,0.013681543990969658,-61.433387756347656
936,0.9369369149208069,86.38240814208984,-0.0002378405479248613,0.01362604834139347,-61.18790817260742
937,0.9379379153251648,86.45570373535156,-0.0002351172297494486,0.012738638557493687,-57.4174919128418
938,0.9389389157295227,86.52906799316406,-0.00023440780933015049,0.012369434349238873,-55.9054069519043
939,0.9399399161338806,86.60248565673828,-0.00023280434834305197,0.011910153552889824,-54.108787536621094
940,0.9409409165382385,86.67597198486328,-0.00023104061256162822,0.010691791772842407,-49.03738021850586
941,0.9419419169425964,86.74951171875,-0.00023053921177051961,0.009614727459847927,-44.55747985839844
942,0.9429429173469543,86.82312774658203,-0.00022828442160971463,0.009988192468881607,-46.229644775390625
943,0.9439439177513123,86.89679718017578,-0.0002282222267240286,0.009315337054431438,-43.22227096557617
944,0.9449449181556702,86.97053527832031,-0.00022501469356939197,0.009987352415919304,-46.109195709228516
945,0.9459459185600281,87.04431915283203,-0.00022394205734599382,0.009965102188289165,-45.99938201904297
946,0.946946918964386,87.11817932128906,-0.00022516358876600862,0.009522585198283195,-44.01108169555664
947,0.9479479193687439,87.19210052490234,-0.00022296534734778106,0.009866628795862198,-45.510169982910156
948,0.9489489793777466,87.2660903930664,-0.0002212631079601124,0.010120048187673092,-46.666343688964844
949,0.9499499797821045,87.34013366699219,-0.00022101998911239207,0.009945819154381752,-46.023292541503906
950,0.9509509801864624,87.41423797607422,-0.00021890476637054235,0.010214795358479023,-47.4410400390625
951,0.9519519805908203,87.48841094970703,-0.0002182142634410411,0.010229108855128288,-47.71390914916992
952,0.9529529809951782,87.56263732910156,-0.0002172474196413532,0.010605834424495697,-49.64070510864258
953,0.9539539813995361,87.6369400024414,-0.00021746533457189798,0.009978136979043484,-46.93183517456055
954,0.954954981803894,87.71129608154297,-0.00021663436200469732,0.010821124538779259,-50.98470687866211
955,0.955955982208252,87.78572845458984,-0.00021701568039134145,0.011013402603566647,-52.00879669189453
956,0.9569569826126099,87.86021423339844,-0.00021799755631946027,0.011361248791217804,-53.68351745605469
957,0.9579579830169678,87.93476104736328,-0.00022128374257590622,0.012308207340538502,-57.98741149902344
958,0.9589589834213257,88.0093765258789,-0.0002244406205136329,0.013124477118253708,-61.60382843017578
959,0.9599599838256836,88.08405303955078,-0.00022167239512782544,0.012382910586893559,-58.27313232421875
960,0.9609609842300415,88.1587905883789,-0.00022220550454221666,0.01254528108984232,-59.09479904174805
961,0.9619619846343994,88.23359680175781,-0.00022361169976647943,0.012934098020195961,-61.012508392333984
962,0.9629629850387573,88.30846405029297,-0.0002277170860907063,0.014066830277442932,-66.2559585571289
963,0.9639639854431152,88.38339233398438,-0.00022974009334575385,0.014618187211453915,-68.85955810546875
964,0.9649649858474731,88.45838165283203,-0.00022566580446437,0.013075578026473522,-62.23286819458008
965,0.965965986251831,88.53343963623047,-0.00022721501591149718,0.013703078031539917,-65.0971908569336
966,0.966966986656189,88.60856628417969,-0.00022886961232870817,0.0146942725405097,-69.42518615722656
967,0.9679679870605469,88.68374633789062,-0.00022825138876214623,0.014700990170240402,-69.40081787109375
968,0.9689689874649048,88.75899505615234,-0.00022825888299848884,0.015308259986341,-72.032470703125
969,0.9699699878692627,88.83431243896484,-0.0002279529580846429,0.01579352095723152,-74.106689453125
970,0.9709709882736206,88.90968322753906,-0.00022786117915529758,0.01631123386323452,-76.33612823486328
971,0.9719719886779785,88.98513793945312,-0.0002273159334436059,0.01597467251121998,-74.83419799804688
972,0.9729729890823364,89.06063842773438,-0.00022643939882982522,0.015744714066386223,-73.84705352783203
973,0.9739739894866943,89.13619995117188,-0.0002257170417578891,0.015680277720093727,-73.70858001708984
974,0.9749749898910522,89.21183776855469,-0.0002268104872200638,0.01635858044028282,-76.93624877929688
975,0.9759759902954102,89.28753662109375,-0.00022735181846655905,0.017024589702486992,-80.12076568603516
976,0.9769769906997681,89.36328887939453,-0.00022652230109088123,0.0170577559620142,-80.4246826171875
977,0.977977991104126,89.43911743164062,-0.00022639271628577262,0.01767181046307087,-83.2676773071289
978,0.9789789915084839,89.5150146484375,-0.00022538306075148284,0.01758396439254284,-82.98365020751953
979,0.9799799919128418,89.59095764160156,-0.00022514804732054472,0.01815236546099186,-85.62744140625
980,0.9809809923171997,89.66697692871094,-0.00022374461696017534,0.017551492899656296,-83.12523651123047
981,0.9819819927215576,89.7430648803711,-0.00022310913482215255,0.017613129690289497,-83.62503051757812
982,0.9829829931259155,89.81920623779297,-0.000221785026951693,0.016874488443136215,-80.6381607055664
983,0.9839839935302734,89.89541625976562,-0.0002222945331595838,0.01732073538005352,-82.96092224121094
984,0.9849849939346313,89.97168731689453,-0.0002206606004619971,0.016228724271059036,-78.26323699951172
985,0.9859859943389893,90.04803466796875,-0.0002195721463067457,0.015651647001504898,-75.78128051757812
986,0.9869869947433472,90.12445068359375,-0.00021933871903456748,0.01544851902872324,-74.94367980957031
987,0.9879879951477051,90.20091247558594,-0.00022213433112483472,0.016402097418904305,-79.36819458007812
988,0.988988995552063,90.27745819091797,-0.00022029245155863464,0.01543283648788929,-75.0924072265625
989,0.9899899959564209,90.35404968261719,-0.00021815576474182308,0.014694610610604286,-71.8692398071289
990,0.9909909963607788,90.43071746826172,-0.00021748821018263698,0.014687850140035152,-72.0223617553711
991,0.9919919967651367,90.5074462890625,-0.00021374988136813045,0.013707486912608147,-67.6285171508789
992,0.9929929971694946,90.58423614501953,-0.0002131729561369866,0.01383579708635807,-68.3785629272461
993,0.9939939975738525,90.6611099243164,-0.00021255124011076987,0.014110956341028214,-69.7953872680664
994,0.9949949979782104,90.73802947998047,-0.00021086468768771738,0.013710025697946548,-67.98777770996094
995,0.9959959983825684,90.81501770019531,-0.0002127547631971538,0.015117301605641842,-74.70684051513672
996,0.9969969987869263,90.89208221435547,-0.0002135249669663608,0.01601850613951683,-78.90762329101562
997,0.9979979991912842,90.96920013427734,-0.0002149749780073762,0.01584428735077381,-77.91110229492188
998,0.9989989995956421,91.04638671875,-0.00021870617638342083,0.016140451654791832,-78.93568420410156
999,1.0,91.12364959716797,-0.00022490244009532034,0.015499279834330082,-75.48307800292969
