index,timestep,Diffusion_Coeff,Divergence,score,pos
0,0.0,39.05299377441406,-0.009866430424153805,-0.005506460554897785,40.0087776184082
1,0.0010010009864345193,39.08612823486328,-0.009887084364891052,-0.008394910022616386,40.722618103027344
2,0.0020020019728690386,39.11929702758789,-0.009880120866000652,-0.006371428724378347,40.714603424072266
3,0.0030030030757188797,39.15248489379883,-0.009816216304898262,-0.012199735268950462,41.457000732421875
4,0.004004003945738077,39.185707092285156,-0.009847617708146572,-0.006241430062800646,40.98960494995117
5,0.005005004815757275,39.218955993652344,-0.009858114644885063,-0.004662714898586273,40.91294479370117
6,0.006006006151437759,39.25223159790039,-0.009934605099260807,0.013410360552370548,39.138267517089844
7,0.007007007021456957,39.28553771972656,-0.009921319782733917,0.01198308914899826,39.3188591003418
8,0.008008007891476154,39.31887435913086,-0.009818818420171738,-0.008404779247939587,41.425872802734375
9,0.009009009227156639,39.352237701416016,-0.009785441681742668,-0.0028633817564696074,40.918941497802734
10,0.01001000963151455,39.38562774658203,-0.009668453596532345,-0.009413335472345352,41.65868377685547
11,0.011011010967195034,39.41904830932617,-0.0094223627820611,-0.028553936630487442,43.73065948486328
12,0.012012012302875519,39.452491760253906,-0.009147502481937408,-0.04326752573251724,45.37110900878906
13,0.013013012707233429,39.48596954345703,-0.009145300835371017,-0.03569412603974342,44.54987335205078
14,0.014014014042913914,39.51947021484375,-0.009146350435912609,-0.02690407633781433,43.55555725097656
15,0.015015014447271824,39.55300521850586,-0.009154911153018475,-0.00816917885094881,41.447696685791016
16,0.01601601578295231,39.58656692504883,-0.009020121768116951,-0.007195796351879835,41.31928634643555
17,0.01701701618731022,39.620155334472656,-0.008881881833076477,-0.011255432851612568,41.77471160888672
18,0.018018018454313278,39.653770446777344,-0.008686997927725315,0.006831871345639229,39.72380828857422
19,0.01901901885867119,39.68742370605469,-0.008371340110898018,0.022636163979768753,37.8698844909668
20,0.0200200192630291,39.721092224121094,-0.00833656545728445,0.014924351125955582,38.79085922241211
21,0.021021021530032158,39.754798889160156,-0.008179578930139542,0.016596946865320206,38.5791015625
22,0.022022021934390068,39.78852844238281,-0.00800375733524561,0.019734838977456093,38.170570373535156
23,0.023023022338747978,39.82229232788086,-0.00802707951515913,0.008032574318349361,39.607357025146484
24,0.024024024605751038,39.8560791015625,-0.007714136503636837,0.02160264551639557,37.855918884277344
25,0.025025025010108948,39.889896392822266,-0.007477175444364548,0.027479330077767372,37.02907180786133
26,0.026026025414466858,39.92374801635742,-0.007375255227088928,0.02429179847240448,37.41028594970703
27,0.027027025818824768,39.95762252807617,-0.0073643336072564125,0.017173975706100464,38.36011505126953
28,0.028028028085827827,39.99152755737305,-0.007024344988167286,0.027751263231039047,36.874454498291016
29,0.029029028490185738,40.02545928955078,-0.006693873088806868,0.041324544697999954,34.80287170410156
30,0.030030028894543648,40.05942153930664,-0.006552687846124172,0.03914540261030197,35.0122184753418
31,0.031031031161546707,40.093414306640625,-0.006560010835528374,0.028030352666974068,36.60669708251953
32,0.03203203156590462,40.1274299621582,-0.0063779111951589584,0.03355538100004196,35.758514404296875
33,0.03303303197026253,40.16147994995117,-0.006821200251579285,0.013438723981380463,38.8787841796875
34,0.03403403237462044,40.195556640625,-0.006813813000917435,0.01344031747430563,38.93007278442383
35,0.03503503277897835,40.22966384887695,-0.0068895877338945866,0.009815512225031853,39.493167877197266
36,0.036036036908626556,40.263797760009766,-0.006464852020144463,0.024122973904013634,37.341697692871094
37,0.03703703731298447,40.29795837402344,-0.00634677754715085,0.026702875271439552,36.90420150756836
38,0.03803803771734238,40.3321533203125,-0.0064915260300040245,0.01672520488500595,38.417057037353516
39,0.03903903812170029,40.36637878417969,-0.00655017513781786,0.010204250924289227,39.3702507019043
40,0.0400400385260582,40.40062713623047,-0.006119641475379467,0.02049700729548931,37.65223693847656
41,0.04104103893041611,40.434906005859375,-0.006075422279536724,0.014469819143414497,38.50017547607422
42,0.042042043060064316,40.469215393066406,-0.005710494704544544,0.019330531358718872,37.53406524658203
43,0.043043043464422226,40.50355529785156,-0.005472940392792225,0.021550681442022324,37.015533447265625
44,0.044044043868780136,40.53792190551758,-0.0052740261889994144,0.025484701618552208,36.206111907958984
45,0.045045044273138046,40.572322845458984,-0.005330520682036877,0.01880151405930519,37.44710922241211
46,0.046046044677495956,40.606746673583984,-0.0051447669975459576,0.02537444420158863,36.15130615234375
47,0.04704704508185387,40.641197204589844,-0.00509264599531889,0.02605375088751316,35.98828125
48,0.048048049211502075,40.67568588256836,-0.005026134662330151,0.029250573366880417,35.33405303955078
49,0.049049049615859985,40.71019744873047,-0.00503731332719326,0.022437863051891327,36.660640716552734
50,0.050050050020217896,40.7447395324707,-0.005002634599804878,0.019914284348487854,37.12560272216797
51,0.051051050424575806,40.77931213378906,-0.004813450388610363,0.0261447262018919,35.75988006591797
52,0.052052050828933716,40.81391143798828,-0.004704816732555628,0.028975343331694603,35.04457473754883
53,0.053053051233291626,40.84854507446289,-0.0045920321717858315,0.03297962248325348,34.04521560668945
54,0.054054051637649536,40.88320541381836,-0.004370728507637978,0.038031212985515594,32.751426696777344
55,0.055055055767297745,40.91789627075195,-0.004113304428756237,0.039518825709819794,32.13412094116211
56,0.056056056171655655,40.952613830566406,-0.00377723784185946,0.04110279679298401,31.44491958618164
57,0.057057056576013565,40.987361907958984,-0.0035583938006311655,0.04105522111058235,31.17363739013672
58,0.058058056980371475,41.02214431762695,-0.003214010503143072,0.04181728884577751,30.668907165527344
59,0.059059057384729385,41.056949615478516,-0.0039398157969117165,0.03262270614504814,33.012107849121094
60,0.060060057789087296,41.0917854309082,-0.003924628719687462,0.031211363151669502,33.22255325317383
61,0.061061061918735504,41.12665557861328,-0.004036251455545425,0.023751847445964813,34.97800064086914
62,0.062062062323093414,41.16154479980469,-0.004071759060025215,0.01621289551258087,36.80662155151367
63,0.06306306272745132,41.19647216796875,-0.004108793567866087,0.0116971954703331,37.93083572387695
64,0.06406406313180923,41.23143005371094,-0.00413792347535491,0.00813785195350647,38.81693649291992
65,0.06506506353616714,41.266414642333984,-0.004079562611877918,0.007878506556153297,38.8545036315918
66,0.06606606394052505,41.301429748535156,-0.004240524023771286,-0.0008725855150260031,40.95051193237305
67,0.06706706434488297,41.33647537231445,-0.0040686121210455894,0.0016841741744428873,40.31070327758789
68,0.06806806474924088,41.37154769897461,-0.004022759851068258,-0.0011752968421205878,40.93297576904297
69,0.06906906515359879,41.406654357910156,-0.003757334314286709,0.004679626785218716,39.260257720947266
70,0.0700700655579567,41.44178771972656,-0.003617081791162491,0.006427145563066006,38.53239440917969
71,0.0710710734128952,41.476951599121094,-0.003621503710746765,0.0019012491684406996,39.507720947265625
72,0.07207207381725311,41.512142181396484,-0.003527124412357807,0.0027125347405672073,39.02735137939453
73,0.07307307422161102,41.547367095947266,-0.0035080802626907825,0.0008945437730289996,39.323726654052734
74,0.07407407462596893,41.582618713378906,-0.0036134752444922924,-0.0046027894131839275,40.75239562988281
75,0.07507507503032684,41.61790466308594,-0.0036962563171982765,-0.007734086364507675,41.58673858642578
76,0.07607607543468475,41.65321731567383,-0.0036043794825673103,-0.004049690905958414,40.624267578125
77,0.07707707583904266,41.688560485839844,-0.003489674301818013,0.0007876823074184358,39.352630615234375
78,0.07807807624340057,41.72393035888672,-0.0034069246612489223,0.004379912745207548,38.44113540649414
79,0.07907907664775848,41.75933074951172,-0.003510804381221533,-0.0008403413812629879,40.00712966918945
80,0.0800800770521164,41.794769287109375,-0.0034701256081461906,-0.0008599659195169806,40.00962829589844
81,0.0810810774564743,41.830230712890625,-0.0036818620283156633,-0.010326605290174484,42.649654388427734
82,0.08208207786083221,41.865726470947266,-0.003577139927074313,-0.008246653713285923,42.06127166748047
83,0.08308307826519012,41.9012451171875,-0.0037715588696300983,-0.01630152389407158,44.21984100341797
84,0.08408408612012863,41.93680191040039,-0.0038220221176743507,-0.019150689244270325,44.91994094848633
85,0.08508508652448654,41.97238540649414,-0.003928527235984802,-0.02341381087899208,45.95547103881836
86,0.08608608692884445,42.00799560546875,-0.004073042422533035,-0.029707632958889008,47.44373321533203
87,0.08708708733320236,42.043643951416016,-0.004243317060172558,-0.04074006900191307,50.03093338012695
88,0.08808808773756027,42.079315185546875,-0.004226760007441044,-0.04210950434207916,50.342769622802734
89,0.08908908814191818,42.115020751953125,-0.004031778313219547,-0.034169331192970276,48.493919372558594
90,0.09009008854627609,42.1507568359375,-0.0038426555693149567,-0.02868172526359558,47.182106018066406
91,0.091091088950634,42.186519622802734,-0.003917434718459845,-0.03460569679737091,48.81386184692383
92,0.09209208935499191,42.22231674194336,-0.0038702329620718956,-0.035163022577762604,49.1258544921875
93,0.09309308975934982,42.258140563964844,-0.0037899052258580923,-0.033948808908462524,48.99386215209961
94,0.09409409016370773,42.29399490356445,-0.003932744264602661,-0.04478263482451439,52.0068244934082
95,0.09509509056806564,42.32988739013672,-0.003835537936538458,-0.040799591690301895,51.17680358886719
96,0.09609609842300415,42.36580276489258,-0.0038209131453186274,-0.041669368743896484,51.53875732421875
97,0.09709709882736206,42.40175247192383,-0.0037003159523010254,-0.03610950708389282,50.13285446166992
98,0.09809809923171997,42.4377326965332,-0.003559496719390154,-0.0306124035269022,48.628028869628906
99,0.09909909963607788,42.473731994628906,-0.003621839452534914,-0.03574472293257713,50.06403732299805
100,0.10010010004043579,42.5097770690918,-0.0036179255694150925,-0.038092900067567825,50.71794128417969
101,0.1011011004447937,42.545841217041016,-0.003584987949579954,-0.03792181611061096,50.65267562866211
102,0.10210210084915161,42.58195114135742,-0.003586674341931939,-0.0392611064016819,51.001502990722656
103,0.10310310125350952,42.618080139160156,-0.003604922443628311,-0.04122362285852432,51.519691467285156
104,0.10410410165786743,42.65423583984375,-0.0035348031669855118,-0.037505634129047394,50.464805603027344
105,0.10510510206222534,42.6904296875,-0.003555317409336567,-0.038874562829732895,50.79030227661133
106,0.10610610246658325,42.726654052734375,-0.0036451714113354683,-0.0464349128305912,52.854637145996094
107,0.10710710287094116,42.762908935546875,-0.003573312656953931,-0.042749881744384766,51.83279800415039
108,0.10810810327529907,42.799190521240234,-0.0035550640895962715,-0.04401214420795441,52.22475051879883
109,0.10910911113023758,42.83551025390625,-0.0035585006698966026,-0.046591680496931076,53.01190185546875
110,0.11011011153459549,42.871856689453125,-0.00357438693754375,-0.050831858068704605,54.30469512939453
111,0.1111111119389534,42.90822982788086,-0.0035169103648513556,-0.04624127224087715,53.1464729309082
112,0.11211211234331131,42.94463348388672,-0.003452074248343706,-0.043591707944869995,52.552459716796875
113,0.11311311274766922,42.9810791015625,-0.0034483522176742554,-0.04661061242222786,53.62416076660156
114,0.11411411315202713,43.017547607421875,-0.0033329366706311703,-0.04172847419977188,52.38766098022461
115,0.11511511355638504,43.054054260253906,-0.0031880440656095743,-0.03688693791627884,51.099510192871094
116,0.11611611396074295,43.090579986572266,-0.0031261988915503025,-0.03594037890434265,50.856143951416016
117,0.11711711436510086,43.127140045166016,-0.003070065751671791,-0.03455009311437607,50.41242980957031
118,0.11811811476945877,43.16373825073242,-0.003143318695947528,-0.03900580853223801,51.826053619384766
119,0.11911911517381668,43.20035934448242,-0.003256425727158785,-0.046079136431217194,53.99654769897461
120,0.12012011557817459,43.23701477050781,-0.0032522690016776323,-0.04487185180187225,53.588890075683594
121,0.1211211159825325,43.27370834350586,-0.0032291351817548275,-0.04366565868258476,53.23005294799805
122,0.12212212383747101,43.3104248046875,-0.0031778996344655752,-0.04103946313261986,52.422489166259766
123,0.12312312424182892,43.34716796875,-0.0030811529140919447,-0.036165751516819,50.900787353515625
124,0.12412412464618683,43.38395309448242,-0.003041096031665802,-0.03519590198993683,50.6678581237793
125,0.12512512505054474,43.42076110839844,-0.0029689406510442495,-0.033246517181396484,50.13005828857422
126,0.12612612545490265,43.45760726928711,-0.0028688330203294754,-0.03026837855577469,49.233421325683594
127,0.12712712585926056,43.494476318359375,-0.002656609518453479,-0.022727569565176964,46.63115692138672
128,0.12812812626361847,43.5313835144043,-0.0027926499024033546,-0.028861375525593758,48.99789810180664
129,0.12912912666797638,43.56832504272461,-0.0028739250265061855,-0.032947953790426254,50.549922943115234
130,0.1301301270723343,43.605289459228516,-0.002766913501545787,-0.028461473062634468,49.06520462036133
131,0.1311311274766922,43.64228820800781,-0.002671552821993828,-0.024847891181707382,47.80596160888672
132,0.1321321278810501,43.679317474365234,-0.002374893520027399,-0.014680353924632072,43.79769515991211
133,0.13313312828540802,43.71638107299805,-0.0023716124705970287,-0.015476692467927933,44.05901336669922
134,0.13413412868976593,43.753475189208984,-0.0021585687063634396,-0.010487930849194527,41.73707580566406
135,0.13513512909412384,43.79059600830078,-0.001958842622116208,-0.008410538546741009,40.43568420410156
136,0.13613612949848175,43.827762603759766,-0.002013817662373185,-0.01110034342855215,41.498435974121094
137,0.13713712990283966,43.86494445800781,-0.0017183885211125016,-0.007436009589582682,39.30916976928711
138,0.13813813030719757,43.902164459228516,-0.0017392426962032914,-0.00818868912756443,39.61406326293945
139,0.13913913071155548,43.93941879272461,-0.0014812001027166843,-0.0055400594137609005,37.942012786865234
140,0.1401401311159134,43.9766960144043,-0.0017504100687801838,-0.008566780015826225,39.8654899597168
141,0.1411411464214325,44.014015197753906,-0.001654881052672863,-0.0072661214508116245,39.188472747802734
142,0.1421421468257904,44.051361083984375,-0.001644654432311654,-0.007210856303572655,39.22727966308594
143,0.14314314723014832,44.08873748779297,-0.001755193923600018,-0.009099874645471573,40.359169006347656
144,0.14414414763450623,44.12614822387695,-0.0018144284840673208,-0.010354648344218731,41.1088752746582
145,0.14514514803886414,44.1635856628418,-0.0016404467169195414,-0.008225280791521072,39.92219161987305
146,0.14614614844322205,44.20106506347656,-0.0016685649752616882,-0.00911670085042715,40.4680061340332
147,0.14714714884757996,44.238563537597656,-0.0014921855181455612,-0.007441558875143528,39.41653060913086
148,0.14814814925193787,44.27610778808594,-0.001564677688293159,-0.008561537601053715,40.12864303588867
149,0.14914914965629578,44.31366729736328,-0.0013654876966029406,-0.006518289912492037,38.731849670410156
150,0.1501501500606537,44.35126876831055,-0.001596077810972929,-0.008990136906504631,40.32807922363281
151,0.1511511504650116,44.38890075683594,-0.0018410698976367712,-0.013041196390986443,42.55221939086914
152,0.1521521508693695,44.426570892333984,-0.0018241978250443935,-0.012775138020515442,42.26679611206055
153,0.15315315127372742,44.464263916015625,-0.0018272041343152523,-0.012859979644417763,42.174930572509766
154,0.15415415167808533,44.50199508666992,-0.0018212845316156745,-0.012743421830236912,41.96732711791992
155,0.15515515208244324,44.53975296020508,-0.0017043112311512232,-0.011049063876271248,40.8277587890625
156,0.15615615248680115,44.57754898071289,-0.0016813890542834997,-0.011333378031849861,40.804874420166016
157,0.15715715289115906,44.6153678894043,-0.0014194413088262081,-0.008642006665468216,38.86916732788086
158,0.15815815329551697,44.653228759765625,-0.001276673749089241,-0.007861902005970478,38.10634994506836
159,0.15915915369987488,44.69111251831055,-0.0007739989669062197,-0.005082846153527498,35.23481369018555
160,0.1601601541042328,44.72903823852539,-0.000857313338201493,-0.005836465395987034,35.93206787109375
161,0.1611611545085907,44.76698684692383,-0.0005624030018225312,-0.004714184906333685,34.3222770690918
162,0.1621621549129486,44.804969787597656,-0.0006732793990522623,-0.005078461486846209,35.053428649902344
163,0.16316315531730652,44.842987060546875,-0.0004924465902149677,-0.004234356805682182,33.97944259643555
164,0.16416415572166443,44.88103485107422,-0.000474888423923403,-0.0043446882627904415,33.927974700927734
165,0.16516515612602234,44.91912078857422,-0.0006251222221180797,-0.005297493655234575,34.97639846801758
166,0.16616615653038025,44.95723342895508,-0.0006824379088357091,-0.006077587138861418,35.50883483886719
167,0.16716717183589935,44.99538040161133,-0.00027637957828119397,-0.005229411646723747,32.89503860473633
168,0.16816817224025726,45.03356170654297,-0.0004335586854722351,-0.005985845346003771,34.031551361083984
169,0.16916917264461517,45.071773529052734,-0.0003865568432956934,-0.0060168784111738205,33.656917572021484
170,0.17017017304897308,45.110015869140625,-0.0002938128309324384,-0.005817885510623455,32.878421783447266
171,0.171171173453331,45.14828872680664,-0.00010316784027963877,-0.005526098422706127,31.312944412231445
172,0.1721721738576889,45.18659973144531,-2.1835403458680958e-05,-0.005395806394517422,30.550933837890625
173,0.17317317426204681,45.22494125366211,-5.671308827004395e-07,-0.005378462839871645,30.23618507385254
174,0.17417417466640472,45.2633171081543,-0.0003057819849345833,-0.005849209148436785,32.47706985473633
175,0.17517517507076263,45.30172348022461,-0.0006096575525589287,-0.007314661052078009,34.70466613769531
176,0.17617617547512054,45.34016036987305,-0.0008054911158978939,-0.008982776664197445,36.359153747558594
177,0.17717717587947845,45.37863540649414,-0.0004240607377141714,-0.00770571967586875,33.640987396240234
178,0.17817817628383636,45.41713333129883,-0.000345581560395658,-0.00771258445456624,33.209327697753906
179,0.17917917668819427,45.45567321777344,-0.0002538808330427855,-0.007483573630452156,32.63922882080078
180,0.18018017709255219,45.49424362182617,-0.0001333765685558319,-0.007078488357365131,31.783260345458984
181,0.1811811774969101,45.53284454345703,-8.292857273772825e-06,-0.006726028397679329,30.810930252075195
182,0.182182177901268,45.571475982666016,0.0001689831115072593,-0.006591165903955698,29.113203048706055
183,0.18318317830562592,45.610145568847656,8.789484854787588e-05,-0.006425854284316301,30.017723083496094
184,0.18418417870998383,45.64884567260742,4.3594038288574666e-05,-0.0065696751698851585,30.34067153930664
185,0.18518517911434174,45.68758010864258,-1.2151599548815284e-05,-0.006811023689806461,30.684438705444336
186,0.18618617951869965,45.726348876953125,-6.605460657738149e-05,-0.007109344471246004,30.960063934326172
187,0.18718717992305756,45.76514434814453,-2.771936487988569e-05,-0.007427334785461426,30.25003433227539
188,0.18818818032741547,45.803977966308594,4.216745583107695e-05,-0.0077114589512348175,29.07563018798828
189,0.18918918073177338,45.84284210205078,5.021673860028386e-05,-0.00793106947094202,28.68037223815918
190,0.1901901811361313,45.881744384765625,-1.949706711457111e-05,-0.008149812929332256,29.393220901489258
191,0.1911911815404892,45.92066955566406,-6.308500451268628e-05,-0.008291024714708328,29.98984146118164
192,0.1921921968460083,45.95963668823242,7.556255150120705e-05,-0.008305088616907597,28.482425689697266
193,0.1931931972503662,45.99863052368164,-8.67261114763096e-05,-0.008166288956999779,30.633403778076172
194,0.19419419765472412,46.037662506103516,-0.00015420002455357462,-0.008083123713731766,31.50478172302246
195,0.19519519805908203,46.07672882080078,-0.00011977799294982105,-0.007893338799476624,31.222702026367188
196,0.19619619846343994,46.115821838378906,-0.0002862820983864367,-0.008144335821270943,32.871707916259766
197,0.19719719886779785,46.15495300292969,-0.00035202596336603165,-0.008331927470862865,33.501033782958984
198,0.19819819927215576,46.194114685058594,-0.0004253456718288362,-0.00868316926062107,34.23734664916992
199,0.19919919967651367,46.23331069946289,-0.00035659040440805256,-0.008593983948230743,33.560447692871094
200,0.20020020008087158,46.27254104614258,-0.000345534470397979,-0.008730058558285236,33.44918441772461
201,0.2012012004852295,46.31180191040039,-0.00033828936284407973,-0.008907057344913483,33.3770866394043
202,0.2022022008895874,46.35110092163086,-0.00026159832486882806,-0.008879427798092365,32.451168060302734
203,0.2032032012939453,46.39043045043945,-0.0003276662901043892,-0.009361145086586475,33.2842903137207
204,0.20420420169830322,46.42979049682617,-0.0004561036766972393,-0.010122389532625675,34.86103439331055
205,0.20520520210266113,46.46918487548828,-0.00023920033709146082,-0.009209935553371906,32.38046646118164
206,0.20620620250701904,46.50861740112305,-0.0002583266468718648,-0.009132388979196548,32.72559356689453
207,0.20720720291137695,46.54807662963867,3.2962245313683525e-05,-0.008571287617087364,29.21816062927246
208,0.20820820331573486,46.58757400512695,0.00031383379246108234,-0.00936881359666586,24.56802749633789
209,0.20920920372009277,46.62710189819336,0.00021950840891804546,-0.008940615691244602,26.335906982421875
210,0.21021020412445068,46.666664123535156,0.00017912377370521426,-0.00897243618965149,26.85567283630371
211,0.2112112045288086,46.706260681152344,0.0003019155119545758,-0.010043873451650143,23.153087615966797
212,0.2122122049331665,46.74589157104492,0.00029956692014820874,-0.010352887213230133,22.357097625732422
213,0.21321320533752441,46.78555679321289,0.00029711343813687563,-0.010515952482819557,21.719100952148438
214,0.21421420574188232,46.825252532958984,0.0003002057201229036,-0.010536442510783672,21.294343948364258
215,0.21521520614624023,46.864990234375,0.00030848270398564637,-0.010624676942825317,20.710575103759766
216,0.21621620655059814,46.90475082397461,0.0002320930507266894,-0.009905238635838032,23.185880661010742
217,0.21721720695495605,46.94455337524414,0.00025018173619173467,-0.009919350035488605,23.014291763305664
218,0.21821822226047516,46.98438262939453,0.0003029390936717391,-0.01023156475275755,21.939390182495117
219,0.21921922266483307,47.024253845214844,0.00031524882069788873,-0.010311823338270187,21.772069931030273
220,0.22022022306919098,47.064151763916016,0.0002818295906763524,-0.010221618227660656,22.308012008666992
221,0.2212212234735489,47.104087829589844,0.00019360177975613624,-0.009859857149422169,24.25306510925293
222,0.2222222238779068,47.14405059814453,0.00018212014401797205,-0.010059506632387638,23.70333480834961
223,0.2232232242822647,47.18405532836914,0.00016077462350949645,-0.01016776729375124,23.44683074951172
224,0.22422422468662262,47.22409439086914,0.00014569750055670738,-0.010242799296975136,23.287673950195312
225,0.22522522509098053,47.264163970947266,0.0001368285738863051,-0.01033986546099186,22.914167404174805
226,0.22622622549533844,47.304264068603516,0.000137373834149912,-0.010458014905452728,22.235734939575195
227,0.22722722589969635,47.34440231323242,0.00011563966836547479,-0.010299116373062134,23.53825569152832
228,0.22822822630405426,47.384578704833984,8.388749120058492e-05,-0.010108302347362041,25.012603759765625
229,0.22922922670841217,47.424781799316406,0.0001084112300304696,-0.010087735950946808,24.3323917388916
230,0.23023022711277008,47.465023040771484,8.753128349781036e-05,-0.009943555109202862,25.04489517211914
231,0.231231227517128,47.50529479980469,5.503232387127355e-05,-0.009880324825644493,25.7082462310791
232,0.2322322279214859,47.54560470581055,9.885789768304676e-05,-0.010029994882643223,24.12482261657715
233,0.2332332283258438,47.58594512939453,0.00014362853835336864,-0.010292338207364082,22.07918930053711
234,0.23423422873020172,47.62632369995117,0.00013751129154115915,-0.010444307699799538,21.205419540405273
235,0.23523522913455963,47.6667366027832,0.00010977473721140996,-0.010458288714289665,21.23781967163086
236,0.23623622953891754,47.707176208496094,9.608133404981345e-05,-0.010530906729400158,20.511289596557617
237,0.23723722994327545,47.74766540527344,8.569294004701078e-05,-0.010526328347623348,20.16152572631836
238,0.23823823034763336,47.788177490234375,8.062882989179343e-05,-0.010542555712163448,19.45248031616211
239,0.23923923075199127,47.8287239074707,6.534362910315394e-05,-0.010460877791047096,20.351409912109375
240,0.24024023115634918,47.86930847167969,5.8066372730536386e-05,-0.0105692557990551,18.73451042175293
241,0.2412412315607071,47.9099235534668,2.9992339477757923e-05,-0.010473262518644333,21.502647399902344
242,0.242242231965065,47.95058059692383,3.3507103580632247e-07,-0.0105050727725029,23.09899139404297
243,0.2432432323694229,47.99126052856445,-9.144906653091311e-05,-0.010720126330852509,27.129878997802734
244,0.24424424767494202,48.031982421875,-0.00010620758985169232,-0.010774950496852398,27.3705997467041
245,0.24524524807929993,48.07273864746094,-8.398723730351776e-05,-0.010682949796319008,26.429346084594727
246,0.24624624848365784,48.113529205322266,-0.00015227787662297487,-0.010905071161687374,28.21726417541504
247,0.24724724888801575,48.154354095458984,-0.00012955680722370744,-0.010775095783174038,27.300148010253906
248,0.24824824929237366,48.19520950317383,-0.00017986174498219043,-0.01091232243925333,28.46334457397461
249,0.24924924969673157,48.236106872558594,-0.0001990400778595358,-0.010945586487650871,29.015953063964844
250,0.2502502501010895,48.277034759521484,-0.0001559395168442279,-0.010701633989810944,28.340553283691406
251,0.2512512505054474,48.317996978759766,-7.463946531061083e-05,-0.010431226342916489,26.796875
252,0.2522522509098053,48.35899353027344,4.565239214571193e-05,-0.010427892208099365,23.823514938354492
253,0.2532532513141632,48.40003204345703,5.1944451115559787e-05,-0.010572410188615322,22.772315979003906
254,0.2542542517185211,48.44109344482422,6.743364065187052e-05,-0.010806395672261715,19.834537506103516
255,0.25525525212287903,48.48219680786133,2.9766390071017668e-05,-0.010920203290879726,16.658733367919922
256,0.25625625252723694,48.52333450317383,-2.9760167308268137e-07,-0.010832468047738075,16.509592056274414
257,0.25725725293159485,48.564510345458984,-3.317723167128861e-05,-0.010718290694057941,15.037994384765625
258,0.25825825333595276,48.605712890625,-7.544200343545526e-05,-0.010493088513612747,12.895092010498047
259,0.25925925374031067,48.64695739746094,-5.7611134252510965e-05,-0.010561139322817326,15.231085777282715
260,0.2602602541446686,48.688236236572266,-5.191266973270103e-05,-0.010564591735601425,16.353994369506836
261,0.2612612545490265,48.729549407958984,-4.7829402319621295e-05,-0.010484318248927593,15.624861717224121
262,0.2622622549533844,48.770896911621094,-3.4551278076833114e-05,-0.010544382967054844,16.975393295288086
263,0.2632632553577423,48.812278747558594,-3.0184241040842608e-05,-0.010585992597043514,17.05293083190918
264,0.2642642557621002,48.85369110107422,-2.497260175005067e-05,-0.01065223291516304,18.63840103149414
265,0.26526525616645813,48.895145416259766,-3.8706057239323854e-05,-0.010725383646786213,21.11236572265625
266,0.26626625657081604,48.93663787841797,-3.976748121203855e-05,-0.01075528934597969,21.64769172668457
267,0.26726725697517395,48.97815704345703,-5.234262425801717e-05,-0.010827918536961079,22.452049255371094
268,0.26826825737953186,49.01971435546875,-2.993032831000164e-05,-0.010732769966125488,18.821226119995117
269,0.26926925778388977,49.061309814453125,-4.675256786867976e-05,-0.010700711980462074,17.622835159301758
270,0.2702702581882477,49.10293960571289,-6.438839045586064e-05,-0.01073006447404623,18.010963439941406
271,0.2712712585926056,49.14460754394531,-9.00190498214215e-05,-0.010620806366205215,16.58985710144043
272,0.2722722589969635,49.18630599975586,-0.00011991716019110754,-0.010453373193740845,15.17370891571045
273,0.2732732594013214,49.2280387878418,-0.00015565246576443315,-0.01014567818492651,13.173462867736816
274,0.2742742598056793,49.26980972290039,-0.00019334597163833678,-0.009703922085464,10.923008918762207
275,0.27527526021003723,49.31161880493164,-0.0001870660053100437,-0.009839878417551517,11.884586334228516
276,0.27627626061439514,49.35345458984375,-0.00018643171642906964,-0.00984725821763277,12.145767211914062
277,0.27727726101875305,49.39533233642578,-0.0001728142669890076,-0.01006481796503067,13.514097213745117
278,0.27827826142311096,49.4372444152832,-0.00018863289733417332,-0.00966911856085062,11.392578125
279,0.27927926182746887,49.479190826416016,-0.0002140900178346783,-0.009251855313777924,9.320054054260254
280,0.2802802622318268,49.52117156982422,-0.00021165319776628166,-0.009279132820665836,9.268779754638672
281,0.2812812626361847,49.56319046020508,-0.00021085656771901995,-0.00933303777128458,9.26189136505127
282,0.282282292842865,49.60525131225586,-0.00022287869069259614,-0.00923936627805233,8.720539093017578
283,0.2832832932472229,49.6473388671875,-0.00024809379829093814,-0.00889643095433712,7.281113147735596
284,0.2842842936515808,49.6894645690918,-0.00025431750691495836,-0.008872306905686855,7.277914524078369
285,0.2852852940559387,49.73162841796875,-0.00023889941803645343,-0.009260685183107853,9.051745414733887
286,0.28628629446029663,49.77382278442383,-0.00024238709011115134,-0.009206965565681458,9.076216697692871
287,0.28728729486465454,49.81605911254883,-0.0002493503852747381,-0.008980940096080303,8.371208190917969
288,0.28828829526901245,49.85832595825195,-0.0002706836094148457,-0.008474715985357761,6.527011394500732
289,0.28928929567337036,49.900630950927734,-0.00022478435130324215,-0.009273476898670197,9.83910846710205
290,0.29029029607772827,49.94297409057617,-0.0002298899635206908,-0.009082489646971226,9.147917747497559
291,0.2912912964820862,49.985355377197266,-0.00023813940060790628,-0.008879822678864002,8.477831840515137
292,0.2922922968864441,50.02776336669922,-0.0003001059521920979,-0.007692262995988131,4.179588317871094
293,0.293293297290802,50.07020950317383,-0.00034565263194963336,-0.006835506297647953,1.5898106098175049
294,0.2942942976951599,50.11269760131836,-0.00039705296512693167,-0.005918837618082762,-0.8231766223907471
295,0.2952952980995178,50.155216217041016,-0.0004171614127699286,-0.0055926027707755566,-1.548706293106079
296,0.29629629850387573,50.197776794433594,-0.0003780034021474421,-0.006294089835137129,0.3351254463195801
297,0.29729729890823364,50.2403678894043,-0.0003331648767925799,-0.0070654056034982204,2.624403476715088
298,0.29829829931259155,50.282997131347656,-0.0003175507008563727,-0.007323917001485825,3.531815767288208
299,0.29929929971694946,50.32566452026367,-0.0002725070808082819,-0.008063867688179016,6.145451545715332
300,0.3003003001213074,50.36836242675781,-0.0002572081284597516,-0.008390500210225582,7.611262321472168
301,0.3013013005256653,50.41109848022461,-0.00032661965815350413,-0.007119606714695692,3.638424873352051
302,0.3023023009300232,50.45387649536133,-0.0003112184931524098,-0.007445197552442551,5.1271653175354
303,0.3033033013343811,50.49668502807617,-0.0003148975083604455,-0.00737591041252017,5.279560565948486
304,0.304304301738739,50.53953552246094,-0.0003120012697763741,-0.007552459370344877,6.118192672729492
305,0.3053053021430969,50.58241653442383,-0.0003268815635237843,-0.007041210774332285,4.605134010314941
306,0.30630630254745483,50.625335693359375,-0.0003056554705835879,-0.007794531993567944,6.877593040466309
307,0.30730730295181274,50.66829299926758,-0.00030568393412977457,-0.007685777731239796,6.3678717613220215
308,0.30830830335617065,50.71128463745117,-0.0003009328793268651,-0.007697931490838528,6.2852325439453125
309,0.30930930376052856,50.754310607910156,-0.00027518102433532476,-0.008339721709489822,8.514123916625977
310,0.3103103041648865,50.79737854003906,-0.00026402706862427294,-0.00854402780532837,9.36713695526123
311,0.3113113045692444,50.840476989746094,-0.00026336443261243403,-0.008483385667204857,9.24211311340332
312,0.3123123049736023,50.88361358642578,-0.0002414699411019683,-0.00893701147288084,11.114845275878906
313,0.3133133053779602,50.92679214477539,-0.00023449727450497448,-0.008984016254544258,11.300477981567383
314,0.3143143057823181,50.97000503540039,-0.00024734827456995845,-0.008618389256298542,9.715448379516602
315,0.315315306186676,51.01325225830078,-0.00021695182658731937,-0.009137873537838459,11.865279197692871
316,0.31631630659103394,51.056541442871094,-0.00020381005015224218,-0.009325709193944931,12.625879287719727
317,0.31731730699539185,51.099857330322266,-0.00019888488168362528,-0.009397272951900959,12.787899017333984
318,0.31831830739974976,51.14321517944336,-0.00018448225455358624,-0.009706122800707817,14.14940357208252
319,0.31931930780410767,51.186614990234375,-0.00017953666974790394,-0.009791049174964428,14.344853401184082
320,0.3203203082084656,51.23004913330078,-0.00020059323287568986,-0.009331793524324894,11.674598693847656
321,0.3213213086128235,51.27351379394531,-0.00017111880879383534,-0.009892310947179794,14.451353073120117
322,0.3223223090171814,51.317020416259766,-0.0001697755214991048,-0.009859209880232811,14.05850601196289
323,0.3233233094215393,51.36056137084961,-0.00016845065692905337,-0.010178291238844395,15.794718742370605
324,0.3243243098258972,51.40414047241211,-0.00018080146401189268,-0.010014848783612251,14.713630676269531
325,0.3253253102302551,51.44776153564453,-0.00019307745969854295,-0.009919499047100544,14.190587043762207
326,0.32632631063461304,51.49141311645508,-0.0002048796450253576,-0.009722668677568436,13.334843635559082
327,0.32732731103897095,51.53510284423828,-0.00022829222143627703,-0.009123504161834717,10.832725524902344
328,0.32832831144332886,51.578834533691406,-0.00022306779283098876,-0.0093535752967,12.169646263122559
329,0.32932931184768677,51.622596740722656,-0.00023575089289806783,-0.008976949378848076,10.879122734069824
330,0.3303303122520447,51.66639709472656,-0.00023444405815098435,-0.00897612702101469,11.25532054901123
331,0.3313313126564026,51.71023941040039,-0.0002341079234611243,-0.008801198564469814,10.822166442871094
332,0.3323323130607605,51.754112243652344,-0.00021552224643528461,-0.00942584965378046,13.896258354187012
333,0.3333333432674408,51.79802703857422,-0.00021384493447840214,-0.009038637392222881,12.387548446655273
334,0.3343343436717987,51.84197998046875,-0.00021352831390686333,-0.008953004144132137,12.231157302856445
335,0.3353353440761566,51.88597106933594,-0.00022053453722037375,-0.00903390347957611,12.795955657958984
336,0.3363363444805145,51.92999267578125,-0.0002293811849085614,-0.00897155050188303,12.653828620910645
337,0.33733734488487244,51.974056243896484,-0.00023626125766895711,-0.009406711906194687,14.708681106567383
338,0.33833834528923035,52.018157958984375,-0.0002470265026204288,-0.009093763306736946,13.601446151733398
339,0.33933934569358826,52.06229782104492,-0.00025516696041449904,-0.009298068471252918,14.557751655578613
340,0.34034034609794617,52.106468200683594,-0.0002602501190267503,-0.009851902723312378,16.790510177612305
341,0.3413413465023041,52.15068054199219,-0.00026695799897424877,-0.0105679240077734,19.533065795898438
342,0.342342346906662,52.19493103027344,-0.0002716945600695908,-0.010871022008359432,20.66641616821289
343,0.3433433473110199,52.23921585083008,-0.00027609578683041036,-0.011067474260926247,21.395132064819336
344,0.3443443477153778,52.283546447753906,-0.0002772180887404829,-0.010944516398012638,20.867984771728516
345,0.3453453481197357,52.327911376953125,-0.0002808713470585644,-0.011073150672018528,21.288238525390625
346,0.34634634852409363,52.372310638427734,-0.0003036712878383696,-0.01224204245954752,25.30561065673828
347,0.34734734892845154,52.416744232177734,-0.00029248624923639,-0.011482210829854012,22.761201858520508
348,0.34834834933280945,52.46122360229492,-0.0003093660343438387,-0.012167642824351788,24.931869506835938
349,0.34934934973716736,52.505733489990234,-0.00031296166707761586,-0.012193377129733562,24.864295959472656
350,0.35035035014152527,52.55028533935547,-0.0003262867103330791,-0.013085475191473961,27.588607788085938
351,0.3513513505458832,52.594879150390625,-0.0003235854674130678,-0.012765547260642052,26.583330154418945
352,0.3523523509502411,52.639503479003906,-0.0003333567292429507,-0.013498486019670963,28.880924224853516
353,0.353353351354599,52.68416976928711,-0.0003192572621628642,-0.012285390868782997,25.377748489379883
354,0.3543543517589569,52.72887420654297,-0.00031744007719680667,-0.012262449599802494,25.593772888183594
355,0.3553553521633148,52.77360916137695,-0.00030770679586566985,-0.011552970856428146,23.58971405029297
356,0.35635635256767273,52.81839370727539,-0.0003054746484849602,-0.011551828123629093,23.698986053466797
357,0.35735735297203064,52.86320495605469,-0.00030151900136843324,-0.011370590887963772,23.105445861816406
358,0.35835835337638855,52.90806198120117,-0.0003065009950660169,-0.0117064593359828,24.051427841186523
359,0.35935935378074646,52.95295333862305,-0.00032394088339060545,-0.01294637843966484,27.601364135742188
360,0.36036035418510437,52.99788284301758,-0.00033692590659484267,-0.013805476948618889,29.745038986206055
361,0.3613613545894623,53.0428581237793,-0.0003325458092149347,-0.013446788303554058,28.446456909179688
362,0.3623623549938202,53.087860107421875,-0.00033462452120147645,-0.013581106439232826,28.831565856933594
363,0.3633633553981781,53.13290786743164,-0.0003481439780443907,-0.01438188273459673,31.251571655273438
364,0.364364355802536,53.1779899597168,-0.0003429424832575023,-0.014083722606301308,30.447349548339844
365,0.3653653562068939,53.223114013671875,-0.0003633557935245335,-0.015124582685530186,33.35063171386719
366,0.36636635661125183,53.268272399902344,-0.0003592210996430367,-0.01493135467171669,32.72515106201172
367,0.36736735701560974,53.31346893310547,-0.00035108713200315833,-0.014470657333731651,31.417749404907227
368,0.36836835741996765,53.358707427978516,-0.0003609821433201432,-0.015003892593085766,32.976715087890625
369,0.36936935782432556,53.40398025512695,-0.0003561016055755317,-0.014709008857607841,32.190162658691406
370,0.37037035822868347,53.44929885864258,-0.0003466288617346436,-0.014090562239289284,30.45677375793457
371,0.3713713586330414,53.49464797973633,-0.0003672684542834759,-0.015359679237008095,34.077247619628906
372,0.3723723590373993,53.5400390625,-0.0003529940149746835,-0.014672137796878815,32.189781188964844
373,0.3733733594417572,53.58546829223633,-0.00033770609297789633,-0.013767519034445286,29.52597427368164
374,0.3743743598461151,53.63093566894531,-0.00034503641654737294,-0.014366017654538155,31.159753799438477
375,0.375375360250473,53.67644500732422,-0.0003434328536968678,-0.01433473825454712,30.862546920776367
376,0.37637636065483093,53.721988677978516,-0.00034320683334954083,-0.014362312853336334,30.750267028808594
377,0.37737736105918884,53.76757049560547,-0.00033024183358065784,-0.01343116257339716,27.92728042602539
378,0.37837836146354675,53.813194274902344,-0.00032371896668337286,-0.012857848778367043,26.187681198120117
379,0.37937936186790466,53.858856201171875,-0.00032048881985247135,-0.012639930471777916,25.589885711669922
380,0.3803803622722626,53.9045524597168,-0.00031697461963631213,-0.012325757183134556,24.7298583984375
381,0.3813813626766205,53.950294494628906,-0.00032021498191170394,-0.012826482765376568,26.483985900878906
382,0.3823823630809784,53.996070861816406,-0.0003210513386875391,-0.012947777286171913,27.13805389404297
383,0.3833833634853363,54.04188919067383,-0.00032261814340017736,-0.013120663352310658,27.99390983581543
384,0.3843843936920166,54.08774185180664,-0.0003255658957641572,-0.013394138775765896,29.130332946777344
385,0.3853853940963745,54.133636474609375,-0.0003212885349057615,-0.013084647245705128,28.497941970825195
386,0.3863863945007324,54.1795654296875,-0.00032429915154352784,-0.013320423662662506,29.626142501831055
387,0.38738739490509033,54.22554016113281,-0.00030079035786911845,-0.011739244684576988,24.934736251831055
388,0.38838839530944824,54.271549224853516,-0.0002984570455737412,-0.011810357682406902,25.318735122680664
389,0.38938939571380615,54.317596435546875,-0.00029290071688592434,-0.011745752766728401,25.0330753326416
390,0.39039039611816406,54.363685607910156,-0.00028121343348175287,-0.01133430004119873,23.459138870239258
391,0.391391396522522,54.40981674194336,-0.0002762923249974847,-0.011171123012900352,22.664173126220703
392,0.3923923969268799,54.45597839355469,-0.0002800328657031059,-0.011334368959069252,22.942705154418945
393,0.3933933973312378,54.502193450927734,-0.00028749631019309163,-0.011382532306015491,22.7271671295166
394,0.3943943977355957,54.54843521118164,-0.00029608618933707476,-0.011169007048010826,21.72402000427246
395,0.3953953981399536,54.59471893310547,-0.0003074081614613533,-0.011055342853069305,21.20484733581543
396,0.3963963985443115,54.64104080200195,-0.00031704461434856057,-0.011391928419470787,22.230297088623047
397,0.39739739894866943,54.68740463256836,-0.0003259084187448025,-0.011890442110598087,23.795743942260742
398,0.39839839935302734,54.73381042480469,-0.0003310760366730392,-0.011995740234851837,24.214126586914062
399,0.39939939975738525,54.780250549316406,-0.00033352646278217435,-0.011860943399369717,23.945167541503906
400,0.40040040016174316,54.82673263549805,-0.00033186771906912327,-0.011405865661799908,22.785707473754883
401,0.4014014005661011,54.87324905395508,-0.0003328339662402868,-0.011353020556271076,22.812210083007812
402,0.402402400970459,54.91980743408203,-0.0003295941569376737,-0.010816793888807297,21.351795196533203
403,0.4034034013748169,54.96641540527344,-0.0003271724854130298,-0.010183398611843586,19.564682006835938
404,0.4044044017791748,55.01305389404297,-0.0003276985080447048,-0.010322079993784428,20.10605239868164
405,0.4054054021835327,55.059730529785156,-0.00032597745303064585,-0.010442731902003288,20.586017608642578
406,0.4064064025878906,55.106449127197266,-0.00032717589056119323,-0.011041314341127872,22.503854751586914
407,0.40740740299224854,55.1532096862793,-0.00032185425516217947,-0.010366077534854412,20.462352752685547
408,0.40840840339660645,55.200008392333984,-0.0003185271052643657,-0.009556652046740055,17.93926239013672
409,0.40940940380096436,55.24684524536133,-0.00031827465863898396,-0.00930912047624588,17.119953155517578
410,0.41041040420532227,55.293724060058594,-0.00031653433688916266,-0.00977314356714487,18.526660919189453
411,0.4114114046096802,55.340641021728516,-0.0003144429356325418,-0.009945252910256386,19.06267547607422
412,0.4124124050140381,55.38759231567383,-0.00030770438024774194,-0.009148456156253815,16.556655883789062
413,0.413413405418396,55.43458938598633,-0.0002978912671096623,-0.00841622892767191,14.19581127166748
414,0.4144144058227539,55.481624603271484,-0.00029787421226501465,-0.009097743779420853,16.53376579284668
415,0.4154154062271118,55.52870178222656,-0.00029737595468759537,-0.009402782656252384,17.694547653198242
416,0.4164164066314697,55.5758171081543,-0.00029981741681694984,-0.009587901644408703,18.448360443115234
417,0.41741740703582764,55.62297439575195,-0.0003025609767064452,-0.00950224231928587,18.27263832092285
418,0.41841840744018555,55.67017364501953,-0.0003175635065417737,-0.010229470208287239,20.60719871520996
419,0.41941940784454346,55.71741485595703,-0.00031997752375900745,-0.009839799255132675,19.307743072509766
420,0.42042040824890137,55.764686584472656,-0.000324937078403309,-0.010170343331992626,20.247642517089844
421,0.4214214086532593,55.81200408935547,-0.0003255143528804183,-0.009882950223982334,19.314163208007812
422,0.4224224090576172,55.85935592651367,-0.00032161857234314084,-0.00916369166225195,17.075847625732422
423,0.4234234094619751,55.90675735473633,-0.00031127582769840956,-0.008587927557528019,15.29369068145752
424,0.424424409866333,55.954193115234375,-0.00031187094282358885,-0.008619377389550209,15.47439956665039
425,0.4254254102706909,56.00166702270508,-0.00031962592038325965,-0.008600438944995403,15.42863941192627
426,0.42642641067504883,56.04918670654297,-0.0003312359913252294,-0.008554692380130291,15.282435417175293
427,0.42742741107940674,56.096744537353516,-0.00034334976226091385,-0.008604055270552635,15.467341423034668
428,0.42842841148376465,56.14434814453125,-0.0003508121008053422,-0.008975710719823837,16.556983947753906
429,0.42942941188812256,56.191978454589844,-0.0003487710782792419,-0.007537915837019682,12.467330932617188
430,0.43043041229248047,56.239662170410156,-0.00035252634552307427,-0.008741982281208038,15.861316680908203
431,0.4314314126968384,56.287384033203125,-0.00034798611886799335,-0.009511465206742287,18.015033721923828
432,0.4324324131011963,56.335140228271484,-0.00034414746914990246,-0.010197806172072887,19.93733024597168
433,0.4334334135055542,56.3829460144043,-0.000345248932717368,-0.010035671293735504,19.413358688354492
434,0.4344344139099121,56.430782318115234,-0.00035094848135486245,-0.009138070978224277,16.796463012695312
435,0.43543541431427,56.478668212890625,-0.00034935923758894205,-0.009055295027792454,16.541982650756836
436,0.4364364445209503,56.526588439941406,-0.000345794134773314,-0.009190332144498825,16.928916931152344
437,0.4374374449253082,56.574554443359375,-0.00034652926842682064,-0.008751751855015755,15.631492614746094
438,0.43843844532966614,56.62255859375,-0.00034617382334545255,-0.008506587706506252,14.90357494354248
439,0.43943944573402405,56.67060089111328,-0.00034384080208837986,-0.00857438426464796,15.08431625366211
440,0.44044044613838196,56.718685150146484,-0.00034402828896418214,-0.00851596798747778,14.92232608795166
441,0.44144144654273987,56.76681137084961,-0.0003454769030213356,-0.00850975513458252,14.918150901794434
442,0.4424424469470978,56.814979553222656,-0.00033885182347148657,-0.009663148783147335,18.27581214904785
443,0.4434434473514557,56.86318588256836,-0.0003478385624475777,-0.009068858809769154,16.518783569335938
444,0.4444444477558136,56.911434173583984,-0.0003530610993038863,-0.008437566459178925,14.742189407348633
445,0.4454454481601715,56.95972442626953,-0.0003481851308606565,-0.008897253312170506,16.130380630493164
446,0.4464464485645294,57.008056640625,-0.0003494929405860603,-0.008451986126601696,14.968497276306152
447,0.44744744896888733,57.056427001953125,-0.00034876918653026223,-0.007988512516021729,13.804630279541016
448,0.44844844937324524,57.10483932495117,-0.00034594914177432656,-0.008490951731801033,15.479585647583008
449,0.44944944977760315,57.153297424316406,-0.0003472906246315688,-0.008099585771560669,14.569514274597168
450,0.45045045018196106,57.20178985595703,-0.00034794426755979657,-0.00794258899986744,14.354045867919922
451,0.45145145058631897,57.25032424926758,-0.0003454111283645034,-0.006198985502123833,9.519200325012207
452,0.4524524509906769,57.29890060424805,-0.00034229227458126843,-0.006420883350074291,10.324374198913574
453,0.4534534513950348,57.3475227355957,-0.00034153828164562583,-0.007059045601636171,12.295244216918945
454,0.4544544517993927,57.396183013916016,-0.0003403096925467253,-0.006346725858747959,10.260079383850098
455,0.4554554522037506,57.444881439208984,-0.000344343512551859,-0.006024997681379318,9.356274604797363
456,0.4564564526081085,57.49362564086914,-0.00035108294105157256,-0.006142115220427513,9.75875186920166
457,0.45745745301246643,57.54240417480469,-0.00036153255496174097,-0.006405466236174107,10.544208526611328
458,0.45845845341682434,57.59122848510742,-0.0003697475476656109,-0.006888299249112606,11.869739532470703
459,0.45945945382118225,57.640098571777344,-0.00037569209234789014,-0.0065795863047242165,11.003902435302734
460,0.46046045422554016,57.68900680541992,-0.00037648226134479046,-0.006689978297799826,11.189569473266602
461,0.46146145462989807,57.73795700073242,-0.0003746224974747747,-0.0072768740355968475,12.645489692687988
462,0.462462455034256,57.786949157714844,-0.0003760475665330887,-0.005985097493976355,9.09245491027832
463,0.4634634554386139,57.83598327636719,-0.0003718258230946958,-0.0063216895796358585,9.914552688598633
464,0.4644644558429718,57.88505554199219,-0.00036744624958373606,-0.006103753577917814,9.191654205322266
465,0.4654654562473297,57.934165954589844,-0.0003812522627413273,-0.004602930974215269,5.031007766723633
466,0.4664664566516876,57.98332977294922,-0.0003721723333001137,-0.005036703310906887,6.186267375946045
467,0.46746745705604553,58.03252410888672,-0.00036598448059521616,-0.0053039113990962505,7.012153148651123
468,0.46846845746040344,58.08176803588867,-0.0003624497330747545,-0.005406532436609268,7.415881156921387
469,0.46946945786476135,58.131046295166016,-0.00035926769487559795,-0.005172783974558115,6.841294288635254
470,0.47047045826911926,58.18037414550781,-0.0003533647977747023,-0.005210083443671465,6.949974536895752
471,0.4714714586734772,58.229740142822266,-0.00034749001497402787,-0.005189825315028429,6.811253547668457
472,0.4724724590778351,58.27914810180664,-0.0003481140302028507,-0.005824804771691561,8.493697166442871
473,0.473473459482193,58.32859802246094,-0.0003443918249104172,-0.005608408246189356,7.784712314605713
474,0.4744744598865509,58.37809371948242,-0.00035040752845816314,-0.00603868393227458,9.090441703796387
475,0.4754754602909088,58.42762756347656,-0.0003602567012421787,-0.006881152745336294,11.543856620788574
476,0.4764764606952667,58.47719955444336,-0.00036229006946086884,-0.007273424882441759,12.677969932556152
477,0.47747746109962463,58.52682113647461,-0.0003584877704270184,-0.007547134533524513,13.466658592224121
478,0.47847846150398254,58.57647705078125,-0.0003517562581691891,-0.007670684717595577,13.883755683898926
479,0.47947946190834045,58.626182556152344,-0.00034416522248648107,-0.00767951924353838,14.041783332824707
480,0.48048046231269836,58.675926208496094,-0.00034306192537769675,-0.007290865294635296,13.112251281738281
481,0.4814814627170563,58.725711822509766,-0.00034595123725011945,-0.0074240234680473804,13.664762496948242
482,0.4824824631214142,58.775543212890625,-0.00034910658723674715,-0.007966998964548111,15.364187240600586
483,0.4834834635257721,58.82541275024414,-0.0003517067525535822,-0.006595928221940994,11.582033157348633
484,0.48448446393013,58.875328063964844,-0.00035139574902132154,-0.00647411635145545,11.315459251403809
485,0.4854854643344879,58.92528533935547,-0.0003520971513353288,-0.007427071686834097,14.086804389953613
486,0.4864864647388458,58.97528076171875,-0.0003562973579391837,-0.007608733605593443,14.662988662719727
487,0.4874874949455261,59.025325775146484,-0.00036412273766472936,-0.007255947683006525,13.77998161315918
488,0.48848849534988403,59.07540512084961,-0.00036573008401319385,-0.008235469460487366,16.53002166748047
489,0.48948949575424194,59.12553024291992,-0.0003667987766675651,-0.008510934188961983,17.34235954284668
490,0.49049049615859985,59.17570114135742,-0.0003760840918403119,-0.007856433279812336,15.63878345489502
491,0.49149149656295776,59.22591781616211,-0.00037858550786040723,-0.0071082282811403275,13.65205192565918
492,0.4924924969673157,59.27616500854492,-0.00036928371991962194,-0.008426143787801266,17.106794357299805
493,0.4934934973716736,59.32646560668945,-0.00033861148403957486,-0.010083307512104511,21.73855209350586
494,0.4944944977760315,59.376800537109375,-0.00032898373319767416,-0.01072821207344532,23.67505645751953
495,0.4954954981803894,59.427181243896484,-0.000325777888065204,-0.01120234839618206,25.16904640197754
496,0.4964964985847473,59.47761154174805,-0.00032430526334792376,-0.010817751288414001,23.99045181274414
497,0.4974974989891052,59.528072357177734,-0.0003258945944253355,-0.011842112988233566,27.126943588256836
498,0.49849849939346313,59.57858657836914,-0.000321782601531595,-0.0114503288641572,25.90587043762207
499,0.49949949979782104,59.62913513183594,-0.00032051082234829664,-0.011555369012057781,26.228960037231445
500,0.500500500202179,59.67972946166992,-0.00031893030973151326,-0.011395653709769249,25.73491668701172
501,0.5015015006065369,59.73036575317383,-0.00031769502675160766,-0.011390368454158306,25.75847625732422
502,0.5025025010108948,59.78105163574219,-0.0003238347126170993,-0.009856592863798141,21.021869659423828
503,0.5035035014152527,59.83177947998047,-0.0003217721823602915,-0.009887819178402424,21.239160537719727
504,0.5045045018196106,59.88254165649414,-0.00032348366221413016,-0.009727265685796738,20.901214599609375
505,0.5055055022239685,59.93335723876953,-0.0003180229396093637,-0.01048304047435522,23.390514373779297
506,0.5065065026283264,59.98421096801758,-0.0003180906642228365,-0.010864331386983395,24.7200927734375
507,0.5075075030326843,60.03510665893555,-0.00031953875441104174,-0.010930386371910572,25.027128219604492
508,0.5085085034370422,60.08604431152344,-0.0003223551611881703,-0.010911895893514156,24.98733139038086
509,0.5095095038414001,60.13703155517578,-0.00032914639450609684,-0.01005842350423336,22.36780548095703
510,0.5105105042457581,60.18806076049805,-0.00034026632783934474,-0.009185834787786007,19.781885147094727
511,0.511511504650116,60.2391242980957,-0.00033144131884910166,-0.009966839104890823,22.103116989135742
512,0.5125125050544739,60.29024124145508,-0.000341777631547302,-0.009173326194286346,19.72653579711914
513,0.5135135054588318,60.341392517089844,-0.00034268808667548,-0.009207786992192268,19.797229766845703
514,0.5145145058631897,60.39259719848633,-0.00033747692941688,-0.009596038609743118,20.88527488708496
515,0.5155155062675476,60.44384002685547,-0.00033833496854640543,-0.00954850111156702,20.697683334350586
516,0.5165165066719055,60.495121002197266,-0.00033239839831367135,-0.010034708306193352,22.061927795410156
517,0.5175175070762634,60.54645538330078,-0.0003468305803835392,-0.009261677041649818,19.749502182006836
518,0.5185185074806213,60.59783172607422,-0.0003443007299210876,-0.009481873363256454,20.417455673217773
519,0.5195195078849792,60.64924621582031,-0.0003570631379261613,-0.008800839073956013,18.519672393798828
520,0.5205205082893372,60.700706481933594,-0.00036788289435207844,-0.00814818311482668,16.79850196838379
521,0.5215215086936951,60.75221252441406,-0.0003679506480693817,-0.008090438321232796,16.690868377685547
522,0.522522509098053,60.80376434326172,-0.00035850759013555944,-0.00863301008939743,18.204614639282227
523,0.5235235095024109,60.85535430908203,-0.00035899417707696557,-0.008467299863696098,17.78795623779297
524,0.5245245099067688,60.90699005126953,-0.0003609203267842531,-0.008198542520403862,17.066829681396484
525,0.5255255103111267,60.95866775512695,-0.0003662482195068151,-0.007624156307429075,15.441854476928711
526,0.5265265107154846,61.01039123535156,-0.00036052020732313395,-0.008150428533554077,16.814144134521484
527,0.5275275111198425,61.06216049194336,-0.000365018961019814,-0.007678992580622435,15.437398910522461
528,0.5285285115242004,61.11397171020508,-0.000369483808754012,-0.006196003407239914,11.342353820800781
529,0.5295295119285583,61.165828704833984,-0.00036690564593300223,-0.005803062114864588,10.207906723022461
530,0.5305305123329163,61.21773147583008,-0.00036166663630865514,-0.005225621163845062,8.626073837280273
531,0.5315315127372742,61.26966857910156,-0.00036049733171239495,-0.005422000773251057,9.246562957763672
532,0.5325325131416321,61.3216552734375,-0.00036233937134966254,-0.00642191618680954,12.117159843444824
533,0.53353351354599,61.373695373535156,-0.0003547340747900307,-0.007795794401317835,16.063480377197266
534,0.5345345139503479,61.4257698059082,-0.00035811238922178745,-0.006784736178815365,13.313749313354492
535,0.5355355143547058,61.47788619995117,-0.0003581171331461519,-0.007128339726477861,14.392841339111328
536,0.5365365147590637,61.530052185058594,-0.0003606597310863435,-0.006712285801768303,13.330839157104492
537,0.5375375151634216,61.5822639465332,-0.00036104468745179474,-0.005769881885498762,10.829329490661621
538,0.5385385155677795,61.63451385498047,-0.0003630804712884128,-0.005837481468915939,11.142151832580566
539,0.5395395755767822,61.68681716918945,-0.00035992282209917903,-0.005470573902130127,10.168536186218262
540,0.5405405759811401,61.73915481567383,-0.0003667236596811563,-0.006751342676579952,13.652641296386719
541,0.541541576385498,61.791542053222656,-0.00036654929863289,-0.007010334171354771,14.364386558532715
542,0.542542576789856,61.843971252441406,-0.0003670109435915947,-0.007209818344563246,14.948614120483398
543,0.5435435771942139,61.89645004272461,-0.0003674812614917755,-0.007417693268507719,15.558969497680664
544,0.5445445775985718,61.94896697998047,-0.00036927679320797324,-0.00687803840264678,14.113171577453613
545,0.5455455780029297,62.001529693603516,-0.0003688544384203851,-0.00741929467767477,15.603439331054688
546,0.5465465784072876,62.05413818359375,-0.0003614876186475158,-0.008522741496562958,18.623794555664062
547,0.5475475788116455,62.10679244995117,-0.0003534363931976259,-0.009443932212889194,21.22393798828125
548,0.5485485792160034,62.159488677978516,-0.0003674141480587423,-0.007538977079093456,15.9840087890625
549,0.5495495796203613,62.21223068237305,-0.0003663250245153904,-0.008044061250984669,17.359094619750977
550,0.5505505800247192,62.26502227783203,-0.000365560787031427,-0.008461752906441689,18.519208908081055
551,0.5515515804290771,62.31785202026367,-0.00036198674933984876,-0.009305049665272236,20.872772216796875
552,0.5525525808334351,62.3707275390625,-0.00036340454244054854,-0.009433692321181297,21.294105529785156
553,0.553553581237793,62.42365264892578,-0.00036287278635427356,-0.00973624549806118,22.268558502197266
554,0.5545545816421509,62.476619720458984,-0.0003671312006190419,-0.009170141071081161,20.827089309692383
555,0.5555555820465088,62.52962875366211,-0.0003702354442793876,-0.008563334122300148,19.25460433959961
556,0.5565565824508667,62.58268737792969,-0.0003740618994925171,-0.007587468717247248,16.66073226928711
557,0.5575575828552246,62.63578796386719,-0.00037427572533488274,-0.0067847492173314095,14.486184120178223
558,0.5585585832595825,62.688934326171875,-0.00036601859028451145,-0.007973508909344673,17.66098403930664
559,0.5595595836639404,62.74212646484375,-0.0003633944725152105,-0.007709296885877848,16.9119815826416
560,0.5605605840682983,62.79536437988281,-0.0003584650985430926,-0.007612129207700491,16.551280975341797
561,0.5615615844726562,62.8486442565918,-0.0003558114403858781,-0.00741533562541008,15.983230590820312
562,0.5625625848770142,62.901973724365234,-0.0003571394190657884,-0.0064543760381639,13.311347007751465
563,0.5635635852813721,62.955345153808594,-0.00035029969876632094,-0.005397166591137648,10.423663139343262
564,0.56456458568573,63.008766174316406,-0.0003419856366235763,-0.004688663873821497,8.44349479675293
565,0.5655655860900879,63.062225341796875,-0.0003493147960398346,-0.00539547111839056,10.584108352661133
566,0.5665665864944458,63.11573791503906,-0.0003450210206210613,-0.004958409816026688,9.494020462036133
567,0.5675675868988037,63.16929244995117,-0.0003312687040306628,-0.0037082326598465443,5.9933929443359375
568,0.5685685873031616,63.2228889465332,-0.00033015699591487646,-0.0034067409578710794,5.28623628616333
569,0.5695695877075195,63.27653503417969,-0.0003324397257529199,-0.002738797105848789,3.3830947875976562
570,0.5705705881118774,63.33022689819336,-0.0003394000232219696,-0.0023626131005585194,2.3143928050994873
571,0.5715715885162354,63.38396072387695,-0.00035590690094977617,-0.001441784086637199,-0.29666581749916077
572,0.5725725889205933,63.437744140625,-0.0003584751102607697,-0.0015389517648145556,0.022387683391571045
573,0.5735735893249512,63.4915657043457,-0.0003621570358518511,-0.001451080315746367,-0.21598011255264282
574,0.5745745897293091,63.545440673828125,-0.000362091202987358,-0.0017497222870588303,0.5349245071411133
575,0.575575590133667,63.599361419677734,-0.0003605480887927115,-0.002207007957622409,1.7089555263519287
576,0.5765765905380249,63.65332794189453,-0.00037174340104684234,-0.001119920052587986,-1.3155500888824463
577,0.5775775909423828,63.707332611083984,-0.0003795420052483678,-0.0002622765314299613,-3.6356098651885986
578,0.5785785913467407,63.761390686035156,-0.0003778460086323321,-0.0004744476464111358,-3.1108527183532715
579,0.5795795917510986,63.815494537353516,-0.00037382193841040134,-0.0009338518721051514,-1.8878449201583862
580,0.5805805921554565,63.8696403503418,-0.00037867744686082006,-0.00022347699268721044,-3.736320734024048
581,0.5815815925598145,63.92383575439453,-0.0003807754546869546,4.043780791107565e-05,-4.368858337402344
582,0.5825825929641724,63.97807693481445,-0.0003869064385071397,0.0007735802792012691,-6.145349025726318
583,0.5835835933685303,64.03236389160156,-0.0003898830327671021,0.0011910803150385618,-7.107948303222656
584,0.5845845937728882,64.0866928100586,-0.0003871209337376058,0.0008413594332523644,-6.151094436645508
585,0.5855855941772461,64.14107513427734,-0.0003909882507286966,0.0017472609179094434,-8.479622840881348
586,0.586586594581604,64.19549560546875,-0.0003905064077116549,0.0019240782130509615,-8.951010704040527
587,0.5875875949859619,64.24996948242188,-0.00039075524546206,0.0030661234632134438,-11.891661643981934
588,0.5885885953903198,64.30448150634766,-0.0003901661839336157,0.0026207894552499056,-10.763654708862305
589,0.5895895957946777,64.35903930664062,-0.00039001996628940105,0.003716030390933156,-13.582390785217285
590,0.5905905961990356,64.41365814208984,-0.00039040797855705023,0.0039101834408938885,-14.105575561523438
591,0.5915915966033936,64.46830749511719,-0.0003926969657186419,0.002000050852075219,-9.282180786132812
592,0.5925925970077515,64.52301025390625,-0.0003947689547203481,0.001968967029824853,-9.210685729980469
593,0.5935935974121094,64.5777587890625,-0.000396352494135499,0.0020731445401906967,-9.395210266113281
594,0.5945945978164673,64.63255310058594,-0.0003969359677284956,0.001986212795600295,-9.107637405395508
595,0.5955955982208252,64.68739318847656,-0.00039716478204354644,0.0021934297401458025,-9.592412948608398
596,0.5965965986251831,64.74227905273438,-0.0003955101710744202,0.002177828224375844,-9.563201904296875
597,0.597597599029541,64.7972183227539,-0.00039322461816482246,0.0027473962400108576,-11.071876525878906
598,0.5985985994338989,64.8521957397461,-0.0003813784569501877,0.0011488690506666899,-7.051385402679443
599,0.5995995998382568,64.9072265625,-0.0003793636569753289,0.000895487261004746,-6.542469501495361
600,0.6006006002426147,64.96229553222656,-0.0003843508311547339,0.0013219815446063876,-7.728183269500732
601,0.6016016006469727,65.01741790771484,-0.00038822233909741044,0.001740967039950192,-8.847614288330078
602,0.6026026010513306,65.07258605957031,-0.0003869890351779759,0.0012104999041184783,-7.528939723968506
603,0.6036036014556885,65.12779998779297,-0.0003852445224765688,0.0008654615958221257,-6.650116920471191
604,0.6046046018600464,65.18305969238281,-0.00038676898111589253,0.0010772119276225567,-7.163427352905273
605,0.6056056022644043,65.23836517333984,-0.0003921451570931822,0.0023782404605299234,-10.462581634521484
606,0.6066066026687622,65.2937240600586,-0.00038801354821771383,0.0017615334363654256,-8.883564949035645
607,0.6076076030731201,65.34912872314453,-0.00038661627331748605,0.0017916683573275805,-8.988040924072266
608,0.608608603477478,65.40457916259766,-0.0003839221317321062,0.0016437796875834465,-8.653016090393066
609,0.6096096038818359,65.46007537841797,-0.00038076387136243284,0.0014438236830756068,-8.149947166442871
610,0.6106106042861938,65.51561737060547,-0.00036880551488138735,0.000442785385530442,-5.477398872375488
611,0.6116116046905518,65.57120513916016,-0.00035703994217328727,-0.00023703943588770926,-3.5522704124450684
612,0.6126126050949097,65.62684631347656,-0.000353671726770699,-0.00032972643384709954,-3.2393903732299805
613,0.6136136054992676,65.68252563476562,-0.00034182152012363076,-0.0010197869269177318,-1.2348750829696655
614,0.6146146059036255,65.7382583618164,-0.0003407010226510465,-0.0010628142626956105,-1.128143072128296
615,0.6156156063079834,65.79403686523438,-0.0003223392413929105,-0.0022940251510590315,2.569263458251953
616,0.6166166067123413,65.84986877441406,-0.0003177004982717335,-0.002900994848459959,4.430302619934082
617,0.6176176071166992,65.9057388305664,-0.0003191776340827346,-0.002753071952611208,3.916578531265259
618,0.6186186075210571,65.96166229248047,-0.0003234432078897953,-0.0023407824337482452,2.6442179679870605
619,0.619619607925415,66.01763153076172,-0.0003291581815574318,-0.001887186779640615,1.2900032997131348
620,0.620620608329773,66.07364654541016,-0.00034267420414835215,-0.000968080188613385,-1.442659616470337
621,0.6216216087341309,66.12971496582031,-0.0003275327035225928,-0.0018454212695360184,1.1822750568389893
622,0.6226226091384888,66.18582916259766,-0.00032431146246381104,-0.002037275116890669,1.7694599628448486
623,0.6236236095428467,66.24198150634766,-0.0003186616813763976,-0.002776277717202902,4.0900068283081055
624,0.6246246099472046,66.29818725585938,-0.0003171252319589257,-0.002911729970946908,4.583608150482178
625,0.6256256103515625,66.35443878173828,-0.0003157745813950896,-0.003163897432386875,5.472438812255859
626,0.6266266107559204,66.4107437133789,-0.00031939116888679564,-0.0022345862817019224,2.582679510116577
627,0.6276276111602783,66.46709442138672,-0.00031264062272384763,-0.0031815797556191683,5.632933616638184
628,0.6286286115646362,66.52349090576172,-0.0003224165993742645,-0.0017533511854708195,1.150484561920166
629,0.6296296119689941,66.57994079589844,-0.00032131175976246595,-0.0018110687378793955,1.4083726406097412
630,0.630630612373352,66.63642883300781,-0.0003242672828491777,-0.0016116466140374541,0.8956573605537415
631,0.63163161277771,66.6929702758789,-0.0003262317040935159,-0.0015196081949397922,0.7080883979797363
632,0.6326326131820679,66.74955749511719,-0.00033663888461887836,-0.000812171958386898,-1.343658208847046
633,0.6336336135864258,66.80619812011719,-0.0003422547015361488,-0.0004037974576931447,-2.487166404724121
634,0.6346346139907837,66.86288452148438,-0.00034322726423852146,-0.0003613957960624248,-2.6176917552948
635,0.6356356143951416,66.91961669921875,-0.0003355272929184139,-0.0010698206024244428,-0.5875201225280762
636,0.6366366147994995,66.97640228271484,-0.00032794245635159314,-0.002091224305331707,2.426175594329834
637,0.6376376152038574,67.0332260131836,-0.0003277113428339362,-0.002207605168223381,2.6699814796447754
638,0.6386386156082153,67.0901107788086,-0.00032836111495271325,-0.0018508711364120245,1.4398553371429443
639,0.6396396160125732,67.14703369140625,-0.0003363771829754114,-0.0007880529155954719,-1.9083430767059326
640,0.6406406164169312,67.20401000976562,-0.00033430912299081683,-0.0008649376686662436,-1.7879397869110107
641,0.6416416764259338,67.26103210449219,-0.0003398610861040652,-0.0004281285509932786,-3.1399269104003906
642,0.6426426768302917,67.31810760498047,-0.0003303944249637425,-0.0010152087779715657,-1.3521784543991089
643,0.6436436772346497,67.37522888183594,-0.00033955980325117707,-0.0003417684929445386,-3.226316213607788
644,0.6446446776390076,67.4323959350586,-0.00033553183311596513,-0.0004948194255121052,-2.5779197216033936
645,0.6456456780433655,67.48960876464844,-0.0003171053249388933,-0.0018536654533818364,1.8207595348358154
646,0.6466466784477234,67.546875,-0.0003147489042021334,-0.0020395824685692787,2.576115846633911
647,0.6476476788520813,67.60418701171875,-0.00031085271621122956,-0.003226215485483408,6.492846965789795
648,0.6486486792564392,67.66155242919922,-0.0003086316864937544,-0.0029985029250383377,5.8418474197387695
649,0.6496496796607971,67.71896362304688,-0.0003147744864691049,-0.00448615150526166,10.684513092041016
650,0.650650680065155,67.77642822265625,-0.0003095241554547101,-0.004315958824008703,10.201323509216309
651,0.6516516804695129,67.83393859863281,-0.00031047489028424025,-0.00486808642745018,11.96410083770752
652,0.6526526808738708,67.89148712158203,-0.0003053110558539629,-0.004692370072007179,11.297789573669434
653,0.6536536812782288,67.9490966796875,-0.0003070510574616492,-0.005092646460980177,12.49272346496582
654,0.6546546816825867,68.00675201416016,-0.0002977879485115409,-0.004326225724071264,9.9015531539917
655,0.6556556820869446,68.064453125,-0.0003017509588971734,-0.004677955526858568,11.122350692749023
656,0.6566566824913025,68.1222152709961,-0.0002983424346894026,-0.0039966171607375145,8.896180152893066
657,0.6576576828956604,68.18000793457031,-0.0002999721618834883,-0.003936093300580978,8.78821849822998
658,0.6586586833000183,68.23786163330078,-0.0003021317534148693,-0.003923289477825165,8.864378929138184
659,0.6596596837043762,68.29576110839844,-0.0003076947177760303,-0.004390305373817682,10.535422325134277
660,0.6606606841087341,68.35371398925781,-0.00031311073689721525,-0.0046547711826860905,11.53410530090332
661,0.661661684513092,68.41171264648438,-0.00031422683969140053,-0.004422508180141449,10.978744506835938
662,0.66266268491745,68.46975708007812,-0.000320686143822968,-0.005062199663370848,13.16188907623291
663,0.6636636853218079,68.5278549194336,-0.00032095005735754967,-0.0051294551230967045,13.52512264251709
664,0.6646646857261658,68.58599853515625,-0.0003072744293604046,-0.003635118715465069,8.84931755065918
665,0.6656656861305237,68.64419555664062,-0.000303923268802464,-0.003165150061249733,7.281086444854736
666,0.6666666865348816,68.70243835449219,-0.0003032978856936097,-0.002422093879431486,4.7213664054870605
667,0.6676676869392395,68.76073455810547,-0.00030354459886439145,-0.0024305772967636585,4.613738059997559
668,0.6686686873435974,68.81907653808594,-0.0003118546446785331,-0.0014481934485957026,1.2883734703063965
669,0.6696696877479553,68.87747192382812,-0.0003196229808963835,-0.0009159970795735717,-0.5079421401023865
670,0.6706706881523132,68.9359130859375,-0.00031614964245818555,-0.0011513676727190614,0.13265013694763184
671,0.6716716885566711,68.9944076538086,-0.0003097787266597152,-0.001555554335936904,1.350879430770874
672,0.672672688961029,69.05294799804688,-0.00030920354765839875,-0.0014036932261660695,0.7786052227020264
673,0.673673689365387,69.11154174804688,-0.000298430270049721,-0.002125971484929323,3.068610668182373
674,0.6746746897697449,69.17018127441406,-0.0003020946169272065,-0.0014220175798982382,0.6622883677482605
675,0.6756756901741028,69.22887420654297,-0.0002976151881739497,-0.0014763224171474576,0.8375327587127686
676,0.6766766905784607,69.2876205444336,-0.0003077118890359998,-0.0006543382769450545,-1.8418190479278564
677,0.6776776909828186,69.34640502929688,-0.00032125567668117583,0.00021713490423280746,-4.582730770111084
678,0.6786786913871765,69.4052505493164,-0.00033639644971117377,0.0013315771939232945,-7.902663230895996
679,0.6796796917915344,69.4641342163086,-0.0003483943874016404,0.002905355766415596,-12.383204460144043
680,0.6806806921958923,69.52307891845703,-0.0003484513144940138,0.0032414060551673174,-13.248346328735352
681,0.6816816926002502,69.58206939697266,-0.0003466599737294018,0.0033753756433725357,-13.592864036560059
682,0.6826826930046082,69.64111328125,-0.0003439279389567673,0.0034272270277142525,-13.69860553741455
683,0.6836836934089661,69.7001953125,-0.00034132745349779725,0.003234575502574444,-13.072042465209961
684,0.684684693813324,69.75934600830078,-0.0003385814488865435,0.0025988875422626734,-11.124439239501953
685,0.6856856942176819,69.81852722167969,-0.0003374580992385745,0.0018956573912873864,-8.951087951660156
686,0.6866866946220398,69.87776947021484,-0.0003478587605059147,0.0033309587743133307,-13.02588939666748
687,0.6876876950263977,69.93706512451172,-0.00035170966293662786,0.003371791448444128,-13.053461074829102
688,0.6886886954307556,69.99640655517578,-0.0003554419381543994,0.004453776869922876,-16.073102951049805
689,0.6896896958351135,70.05580139160156,-0.00035677375853993,0.004220237024128437,-15.399919509887695
690,0.6906906962394714,70.11524200439453,-0.00035557153751142323,0.004260968416929245,-15.525444030761719
691,0.6916916966438293,70.17473602294922,-0.0003537170123308897,0.004561224486678839,-16.39698028564453
692,0.6926926970481873,70.23428344726562,-0.00035249453503638506,0.004595582839101553,-16.513898849487305
693,0.6936936974525452,70.29387664794922,-0.0003510747919790447,0.004460897296667099,-16.157716751098633
694,0.6946946978569031,70.353515625,-0.00034840957960113883,0.0030786236748099327,-12.265815734863281
695,0.695695698261261,70.41321563720703,-0.00033593206899240613,0.0015753264306113124,-7.902950763702393
696,0.6966966986656189,70.47296142578125,-0.0003328152815811336,0.0016530714929103851,-8.099264144897461
697,0.6976976990699768,70.53276062011719,-0.00033292759326286614,0.002070576651021838,-9.364323616027832
698,0.6986986994743347,70.59259796142578,-0.00033628393430262804,0.0033140997402369976,-13.134160041809082
699,0.6996996998786926,70.65249633789062,-0.0003375675296410918,0.003347772639244795,-13.290657043457031
700,0.7007007002830505,70.71244812011719,-0.00033840155811049044,0.002500635338947177,-10.82942008972168
701,0.7017017006874084,70.77244567871094,-0.0003390400670468807,0.002036121441051364,-9.49866771697998
702,0.7027027010917664,70.83250427246094,-0.00034015130950137973,0.001880304655060172,-9.09591007232666
703,0.7037037014961243,70.8926010131836,-0.0003426983312238008,0.0022569538559764624,-10.248459815979004
704,0.7047047019004822,70.95275115966797,-0.00034336192766204476,0.0031979649793356657,-12.977635383605957
705,0.7057057023048401,71.0129623413086,-0.0003384899173397571,0.002467378508299589,-10.802781105041504
706,0.706706702709198,71.07321166992188,-0.00033424122375436127,0.0025252990890294313,-10.93778133392334
707,0.7077077031135559,71.1335220336914,-0.0003284852718934417,0.0022617431823164225,-10.12602424621582
708,0.7087087035179138,71.19387817382812,-0.00031930950353853405,0.001471039722673595,-7.668281555175781
709,0.7097097039222717,71.25428771972656,-0.0002994511742144823,-0.0004358914738986641,-1.494375467300415
710,0.7107107043266296,71.31475067138672,-0.00029594392981380224,-0.0006774525390937924,-0.7088527679443359
711,0.7117117047309875,71.37525939941406,-0.00029620813438668847,-0.0005667634541168809,-1.1264514923095703
712,0.7127127051353455,71.4358139038086,-0.00029819784685969353,-0.0002822702517732978,-2.0499191284179688
713,0.7137137055397034,71.4964370727539,-0.00030715102911926806,0.0007482856744900346,-5.350889682769775
714,0.7147147059440613,71.55709838867188,-0.000306683883536607,0.0005228049703873694,-4.521038055419922
715,0.7157157063484192,71.61781311035156,-0.00030231301207095385,-0.00028160540387034416,-1.8137338161468506
716,0.7167167067527771,71.67858123779297,-0.00030095159308984876,-0.0006612582365050912,-0.4878089427947998
717,0.717717707157135,71.7394027709961,-0.00029963755514472723,-0.0010489998385310173,0.7878371477127075
718,0.7187187075614929,71.8002700805664,-0.0002986196195706725,-0.001311011495999992,1.5541967153549194
719,0.7197197079658508,71.86119842529297,-0.00030214490834623575,-0.0009034979157149792,0.02046218514442444
720,0.7207207083702087,71.92217254638672,-0.0003031468950212002,-0.0008436157368123531,-0.34673047065734863
721,0.7217217087745667,71.98320007324219,-0.0002948576584458351,-0.0018912128871306777,3.056389570236206
722,0.7227227091789246,72.04427337646484,-0.00029147230088710785,-0.0029722440522164106,6.62816047668457
723,0.7237237095832825,72.10540771484375,-0.0002915500372182578,-0.004283201415091753,10.981478691101074
724,0.7247247099876404,72.16658782958984,-0.000291014788672328,-0.004835672676563263,12.78671646118164
725,0.7257257103919983,72.22782135009766,-0.00028986932011321187,-0.004971880931407213,13.243597030639648
726,0.7267267107963562,72.28910827636719,-0.00028997822664678097,-0.005845331586897373,16.308523178100586
727,0.7277277112007141,72.3504409790039,-0.0002899813698604703,-0.006203371565788984,17.627857208251953
728,0.728728711605072,72.41183471679688,-0.00028987834230065346,-0.005742677487432957,16.105226516723633
729,0.7297297120094299,72.47327423095703,-0.00029078565421514213,-0.005826245527714491,16.465925216674805
730,0.7307307124137878,72.53477478027344,-0.0002920634869951755,-0.006236713379621506,17.937061309814453
731,0.7317317128181458,72.59632110595703,-0.00029402636573649943,-0.005722976755350828,16.273197174072266
732,0.7327327132225037,72.65791320800781,-0.0002954599913209677,-0.006442928686738014,18.826637268066406
733,0.7337337136268616,72.71956634521484,-0.0002956256503239274,-0.007254798896610737,21.765182495117188
734,0.7347347140312195,72.78126525878906,-0.0002967944892589003,-0.006561297923326492,19.645965576171875
735,0.7357357144355774,72.84302520751953,-0.0002963977458421141,-0.006607272662222385,20.006946563720703
736,0.7367367148399353,72.90483093261719,-0.00029272661777213216,-0.006038833409547806,18.29271697998047
737,0.7377377152442932,72.96669006347656,-0.0002875512873288244,-0.005537550896406174,16.680265426635742
738,0.7387387156486511,73.02860260009766,-0.0002790930448099971,-0.004540069494396448,13.2217378616333
739,0.739739716053009,73.09056854248047,-0.00027636310551315546,-0.004517344757914543,13.169934272766113
740,0.7407407164573669,73.152587890625,-0.00028285960434004664,-0.005836158990859985,17.996212005615234
741,0.7417417168617249,73.21465301513672,-0.0002752748550847173,-0.004648090340197086,13.842443466186523
742,0.7427427172660828,73.27677917480469,-0.0002759056515060365,-0.004594706930220127,13.723228454589844
743,0.7437437772750854,73.33895874023438,-0.0002806145930662751,-0.005256987642496824,16.156953811645508
744,0.7447447776794434,73.40119171142578,-0.0002811314770951867,-0.005197057034820318,15.962739944458008
745,0.7457457780838013,73.46347045898438,-0.00027576566208153963,-0.003941196016967297,11.494107246398926
746,0.7467467784881592,73.52580261230469,-0.0002753085282165557,-0.00362599384970963,10.391035079956055
747,0.7477477788925171,73.58819580078125,-0.0002776802284643054,-0.004334178753197193,12.955899238586426
748,0.748748779296875,73.65062713623047,-0.0002794208121486008,-0.004897426813840866,14.929937362670898
749,0.7497497797012329,73.71311950683594,-0.00028144806856289506,-0.005419016350060701,16.691930770874023
750,0.7507507801055908,73.77567291259766,-0.0002849219599738717,-0.006165192928165197,19.15925407409668
751,0.7517517805099487,73.83826446533203,-0.0002848152071237564,-0.005903431214392185,18.006559371948242
752,0.7527527809143066,73.90092468261719,-0.00028817515703849494,-0.006652954034507275,20.349815368652344
753,0.7537537813186646,73.963623046875,-0.00028693763306364417,-0.0062621780671179295,18.745136260986328
754,0.7547547817230225,74.02638244628906,-0.0002827791904564947,-0.005476510617882013,15.860459327697754
755,0.7557557821273804,74.08919525146484,-0.00028174943872727454,-0.005501672625541687,15.983765602111816
756,0.7567567825317383,74.15206146240234,-0.0002785839606076479,-0.004966091830283403,14.150208473205566
757,0.7577577829360962,74.21498107910156,-0.0002791372244246304,-0.005410901270806789,15.8704833984375
758,0.7587587833404541,74.2779541015625,-0.0002797752385959029,-0.005920369643718004,17.822275161743164
759,0.759759783744812,74.34097290039062,-0.0002791371662169695,-0.005884275771677494,17.805910110473633
760,0.7607607841491699,74.404052734375,-0.00027884228620678186,-0.006026179064065218,18.422100067138672
761,0.7617617845535278,74.4671859741211,-0.00027861003763973713,-0.0061338418163359165,18.946043014526367
762,0.7627627849578857,74.53038024902344,-0.0002784874814096838,-0.006135990377515554,19.140777587890625
763,0.7637637853622437,74.59361267089844,-0.0002774009481072426,-0.005328669212758541,16.398298263549805
764,0.7647647857666016,74.65690612792969,-0.0002764632226899266,-0.006200130097568035,19.646718978881836
765,0.7657657861709595,74.72025299072266,-0.0002751339634414762,-0.006664834916591644,21.403865814208984
766,0.7667667865753174,74.78365325927734,-0.00027432761271484196,-0.007255374453961849,23.59130096435547
767,0.7677677869796753,74.84710693359375,-0.0002725721860770136,-0.00746179511770606,24.35465431213379
768,0.7687687873840332,74.91061401367188,-0.00026912710745818913,-0.007019075099378824,22.723690032958984
769,0.7697697877883911,74.97418212890625,-0.0002675119903869927,-0.006591331213712692,21.081010818481445
770,0.770770788192749,75.03779602050781,-0.0002680200559552759,-0.006335511803627014,20.040069580078125
771,0.7717717885971069,75.1014633178711,-0.0002705036895349622,-0.00633265171200037,19.932117462158203
772,0.7727727890014648,75.1651840209961,-0.00027442636201158166,-0.005782684776932001,17.876285552978516
773,0.7737737894058228,75.22896575927734,-0.000278225023066625,-0.007005256600677967,22.231327056884766
774,0.7747747898101807,75.29280090332031,-0.0002810924779623747,-0.005867854226380587,18.208873748779297
775,0.7757757902145386,75.35668182373047,-0.0002828865253832191,-0.005599087569862604,17.366966247558594
776,0.7767767906188965,75.42062377929688,-0.0002846140705514699,-0.00500999391078949,15.432012557983398
777,0.7777777910232544,75.484619140625,-0.00028395929257385433,-0.005432575941085815,17.08636474609375
778,0.7787787914276123,75.54866790771484,-0.00028263460262678564,-0.005528743844479322,17.631155014038086
779,0.7797797918319702,75.6127700805664,-0.00028131104772910476,-0.005698683671653271,18.381763458251953
780,0.7807807922363281,75.67693328857422,-0.000282682798570022,-0.0035137587692588568,10.7285795211792
781,0.781781792640686,75.74114227294922,-0.0002795240143314004,-0.003464735811576247,10.615923881530762
782,0.782782793045044,75.80540466308594,-0.0002760866191238165,-0.003312130691483617,10.07424545288086
783,0.7837837934494019,75.8697280883789,-0.000273187761195004,-0.0023127186577767134,6.3705644607543945
784,0.7847847938537598,75.9341049194336,-0.0002674516581464559,-0.003221373539417982,9.67487907409668
785,0.7857857942581177,75.99853515625,-0.00026395011809654534,-0.0028112006839364767,8.107640266418457
786,0.7867867946624756,76.06301879882812,-0.00026169526972807944,-0.002656708238646388,7.467604637145996
787,0.7877877950668335,76.1275634765625,-0.00026155629893764853,-0.0022506178356707096,5.8370842933654785
788,0.7887887954711914,76.19215393066406,-0.00026498010265640914,-0.0016322596929967403,3.4118824005126953
789,0.7897897958755493,76.25680541992188,-0.00026982222334481776,-0.0011502981651574373,1.5609030723571777
790,0.7907907962799072,76.3215103149414,-0.00027401658007875085,-0.0007587778382003307,0.11433517932891846
791,0.7917917966842651,76.38626861572266,-0.0002726433740463108,-0.0010553828906267881,1.253683090209961
792,0.792792797088623,76.45108032226562,-0.00027461242279969156,-0.0007702871807850897,0.2599674463272095
793,0.793793797492981,76.51595306396484,-0.0002749477862380445,-0.0008398930076509714,0.5122753977775574
794,0.7947947978973389,76.58087921142578,-0.0002747558173723519,-0.0009526291396468878,0.8706037998199463
795,0.7957957983016968,76.64585876464844,-0.00027382277767173946,-0.0011226958595216274,1.4257917404174805
796,0.7967967987060547,76.71089172363281,-0.00027929898351430893,-0.00010208082676399499,-2.3343896865844727
797,0.7977977991104126,76.7759780883789,-0.00027698639314621687,-0.0004266660544089973,-1.222228765487671
798,0.7987987995147705,76.84112548828125,-0.0002690805122256279,-0.0017149776685982943,3.5012705326080322
799,0.7997997999191284,76.90632629394531,-0.0002704860526137054,-0.0014026908902451396,2.4071907997131348
800,0.8008008003234863,76.97157287597656,-0.00026787430397234857,-0.0018435126403346658,4.137585163116455
801,0.8018018007278442,77.03689575195312,-0.00026699010049924254,-0.0019929225090891123,4.761111736297607
802,0.8028028011322021,77.10225677490234,-0.00026755942963063717,-0.001716678380034864,3.741097927093506
803,0.8038038015365601,77.16767883300781,-0.0002647909859661013,-0.0027116555720567703,7.462698459625244
804,0.804804801940918,77.233154296875,-0.00026135912048630416,-0.0037574046291410923,11.404627799987793
805,0.8058058023452759,77.29869079589844,-0.0002625702181831002,-0.0037635997869074345,11.376163482666016
806,0.8068068027496338,77.36427307128906,-0.0002601566375233233,-0.004503699019551277,14.160616874694824
807,0.8078078031539917,77.42991638183594,-0.00026139497640542686,-0.004589508753269911,14.482565879821777
808,0.8088088035583496,77.49562072753906,-0.0002660616301000118,-0.003996668383479118,12.304744720458984
809,0.8098098039627075,77.56137084960938,-0.0002705852093640715,-0.0031577495392411947,9.335689544677734
810,0.8108108043670654,77.62718963623047,-0.00026996585074812174,-0.0035341226030141115,10.919190406799316
811,0.8118118047714233,77.69306182861328,-0.0002668818342499435,-0.0042389510199427605,13.690040588378906
812,0.8128128051757812,77.75897979736328,-0.0002678347227629274,-0.003732518758624792,11.913586616516113
813,0.8138138055801392,77.82495880126953,-0.00026339408941566944,-0.004368187859654427,14.430749893188477
814,0.8148148059844971,77.8909912109375,-0.0002588559582363814,-0.005050336476415396,17.13419532775879
815,0.815815806388855,77.95708465576172,-0.00025776540860533714,-0.00472022732719779,15.903953552246094
816,0.8168168067932129,78.02323150634766,-0.0002580670698080212,-0.0036829032469540834,11.926322937011719
817,0.8178178071975708,78.08943176269531,-0.0002564972674008459,-0.003215635195374489,10.177520751953125
818,0.8188188076019287,78.15569305419922,-0.00025368365459144115,-0.0035057715140283108,11.423111915588379
819,0.8198198080062866,78.22200775146484,-0.0002538124390412122,-0.0026614749804139137,8.219935417175293
820,0.8208208084106445,78.28837585449219,-0.00025247878511436284,-0.002688002772629261,8.385172843933105
821,0.8218218088150024,78.35481262207031,-0.0002516296517569572,-0.002626863308250904,8.175911903381348
822,0.8228228092193604,78.4212875366211,-0.0002506620076019317,-0.0026167964097112417,8.147953987121582
823,0.8238238096237183,78.48783874511719,-0.00024905981263145804,-0.002671746304258704,8.363358497619629
824,0.8248248100280762,78.55442810058594,-0.0002527044271118939,-0.001873180503025651,5.1481709480285645
825,0.8258258104324341,78.62108612060547,-0.0002444632991682738,-0.0031930250115692616,10.488576889038086
826,0.826826810836792,78.68779754638672,-0.0002474621287547052,-0.002337250392884016,7.028357982635498
827,0.8278278112411499,78.75455474853516,-0.0002431324974168092,-0.0034817310515791178,11.703946113586426
828,0.8288288116455078,78.82138061523438,-0.00024315668269991875,-0.0041446625255048275,14.466684341430664
829,0.8298298120498657,78.88825988769531,-0.0002442893455736339,-0.004744851496070623,16.970998764038086
830,0.8308308124542236,78.9552001953125,-0.0002453369670547545,-0.0050010671839118,18.05768394470215
831,0.8318318128585815,79.02220153808594,-0.0002519671688787639,-0.006294675637036562,23.28803062438965
832,0.8328328132629395,79.08924865722656,-0.0002521062269806862,-0.006320856045931578,23.37831687927246
833,0.8338338136672974,79.15635681152344,-0.00025405845372006297,-0.00708007114008069,26.33868408203125
834,0.8348348140716553,79.22352600097656,-0.0002537994587328285,-0.008431047201156616,31.595626831054688
835,0.8358358144760132,79.29074096679688,-0.00025256266235373914,-0.008122052997350693,30.402387619018555
836,0.8368368148803711,79.35801696777344,-0.0002511213533580303,-0.008313406258821487,31.13754653930664
837,0.837837815284729,79.42535400390625,-0.00025247849407605827,-0.007885845378041267,29.34073829650879
838,0.8388388156890869,79.49275207519531,-0.0002541652356740087,-0.007676451932638884,28.40420913696289
839,0.8398398160934448,79.56019592285156,-0.0002550095960032195,-0.007630692329257727,28.158977508544922
840,0.8408408164978027,79.62770080566406,-0.00025516864843666553,-0.00767494086176157,28.355289459228516
841,0.8418418169021606,79.69527435302734,-0.0002530771598685533,-0.00858733244240284,32.00434494018555
842,0.8428428173065186,79.76288604736328,-0.0002532757353037596,-0.008601732552051544,32.14027404785156
843,0.8438438177108765,79.83056640625,-0.00025559321511536837,-0.007822037674486637,29.162532806396484
844,0.8448448181152344,79.89830780029297,-0.00025337422266602516,-0.008489665575325489,31.874679565429688
845,0.8458458185195923,79.96610260009766,-0.0002572074590716511,-0.007345702964812517,27.46731185913086
846,0.846846878528595,80.0339584350586,-0.00025915910373441875,-0.006465652957558632,24.119436264038086
847,0.8478478789329529,80.10186004638672,-0.00025565593387000263,-0.007655656430870295,28.84000015258789
848,0.8488488793373108,80.16983032226562,-0.0002552627702243626,-0.007367854472249746,27.8447208404541
849,0.8498498797416687,80.23786163330078,-0.0002530253550503403,-0.007634693291038275,29.066852569580078
850,0.8508508801460266,80.30593872070312,-0.0002507287135813385,-0.007398535497486591,28.314735412597656
851,0.8518518805503845,80.37407684326172,-0.0002476117224432528,-0.007255717180669308,27.923540115356445
852,0.8528528809547424,80.44227600097656,-0.0002456053625792265,-0.007468872703611851,28.957229614257812
853,0.8538538813591003,80.51052856445312,-0.00024247250985354185,-0.007020637392997742,27.212387084960938
854,0.8548548817634583,80.57884216308594,-0.00024257577024400234,-0.007202147971838713,28.0489501953125
855,0.8558558821678162,80.647216796875,-0.00024551452952437103,-0.007716982625424862,30.233699798583984
856,0.8568568825721741,80.71565246582031,-0.0002491073973942548,-0.008311314508318901,32.70412063598633
857,0.857857882976532,80.78413391113281,-0.00024618051247671247,-0.007708275690674782,30.267009735107422
858,0.8588588833808899,80.8526840209961,-0.00024437298998236656,-0.007479196414351463,29.30802345275879
859,0.8598598837852478,80.92127990722656,-0.00024367094738408923,-0.007503187283873558,29.3529109954834
860,0.8608608841896057,80.98995208740234,-0.00024110946105793118,-0.007266134023666382,28.29245376586914
861,0.8618618845939636,81.05866241455078,-0.00024624206707812846,-0.008472654968500137,33.175662994384766
862,0.8628628849983215,81.12744903564453,-0.0002504876465536654,-0.009841124527156353,38.69855880737305
863,0.8638638854026794,81.19628143310547,-0.0002476922527421266,-0.009147870354354382,35.88255310058594
864,0.8648648858070374,81.26518249511719,-0.00024780817329883575,-0.009188277646899223,35.966651916503906
865,0.8658658862113953,81.3341293334961,-0.00024738069623708725,-0.008980284444987774,35.09549331665039
866,0.8668668866157532,81.40314483642578,-0.00024675537133589387,-0.008600197732448578,33.58350372314453
867,0.8678678870201111,81.47222137451172,-0.00024616654263809323,-0.008395384065806866,32.850730895996094
868,0.868868887424469,81.54134368896484,-0.0002446690632496029,-0.007715924177318811,30.217391967773438
869,0.8698698878288269,81.61053466796875,-0.00024317242787219584,-0.007971041835844517,31.53710174560547
870,0.8708708882331848,81.6797866821289,-0.00024080317234620452,-0.008742531761527061,35.074684143066406
871,0.8718718886375427,81.74909210205078,-0.00023935243370942771,-0.00808385107666254,32.702476501464844
872,0.8728728890419006,81.81845092773438,-0.00023935310309752822,-0.008256141096353531,33.63689041137695
873,0.8738738894462585,81.88787078857422,-0.00024129406665451825,-0.008205035701394081,33.37257385253906
874,0.8748748898506165,81.95735931396484,-0.0002442637050990015,-0.008440445177257061,34.11182403564453
875,0.8758758902549744,82.02690887451172,-0.00024671625578776,-0.008518407121300697,34.17167282104492
876,0.8768768906593323,82.09650421142578,-0.00024921962176449597,-0.008598177693784237,34.225128173828125
877,0.8778778910636902,82.1661605834961,-0.00024940737057477236,-0.010145985521376133,40.259010314941406
878,0.8788788914680481,82.23587799072266,-0.0002450598403811455,-0.011400122195482254,45.31551742553711
879,0.879879891872406,82.30565643310547,-0.00024484560708515346,-0.011209050193428993,44.75056457519531
880,0.8808808922767639,82.37548828125,-0.0002425000857328996,-0.01130865328013897,45.49162292480469
881,0.8818818926811218,82.44538116455078,-0.00024315196787938476,-0.010539292357861996,42.68210220336914
882,0.8828828930854797,82.51534271240234,-0.00024211003619711846,-0.010587996803224087,43.214263916015625
883,0.8838838934898376,82.58535766601562,-0.0002424773119855672,-0.009830229915678501,40.36696243286133
884,0.8848848938941956,82.65543365478516,-0.00024139760353136808,-0.009289166890084743,38.286827087402344
885,0.8858858942985535,82.72557067871094,-0.0002398729120614007,-0.008914591744542122,36.73258590698242
886,0.8868868947029114,82.7957534790039,-0.00023681674792896956,-0.008287087082862854,33.967952728271484
887,0.8878878951072693,82.86600494384766,-0.00024002048303373158,-0.009219790808856487,37.73311996459961
888,0.8888888955116272,82.93631744384766,-0.0002363871317356825,-0.008663107641041279,35.311561584472656
889,0.8898898959159851,83.00669860839844,-0.00023564764705952257,-0.008708023466169834,35.43455505371094
890,0.890890896320343,83.0771255493164,-0.00023389991838485003,-0.00842745415866375,34.228981018066406
891,0.8918918967247009,83.14761352539062,-0.00023249335936270654,-0.008018570020794868,32.42192077636719
892,0.8928928971290588,83.21817016601562,-0.00023154064547270536,-0.007570168934762478,30.448589324951172
893,0.8938938975334167,83.28878021240234,-0.0002332093717996031,-0.008085018955171108,32.65138244628906
894,0.8948948979377747,83.35945129394531,-0.0002323133812751621,-0.00759170763194561,30.54682731628418
895,0.8958958983421326,83.43018341064453,-0.0002324100350961089,-0.00747594004496932,30.085540771484375
896,0.8968968987464905,83.5009765625,-0.00023289283853955567,-0.007421056739985943,29.936267852783203
897,0.8978978991508484,83.57182312011719,-0.00023287461954168975,-0.007222983054816723,29.239139556884766
898,0.8988988995552063,83.64273071289062,-0.0002294645382789895,-0.00577573524788022,23.184972763061523
899,0.8998998999595642,83.71370697021484,-0.00023057436919771135,-0.006184543017297983,25.163818359375
900,0.9009009003639221,83.78473663330078,-0.00022963652736507356,-0.005641852971166372,22.93581771850586
901,0.90190190076828,83.85582733154297,-0.00023045788111630827,-0.006013256963342428,24.651226043701172
902,0.9029029011726379,83.9269790649414,-0.00022960721980780363,-0.005958792753517628,24.526517868041992
903,0.9039039015769958,83.99818420410156,-0.00022784117027185857,-0.0057185981422662735,23.554920196533203
904,0.9049049019813538,84.06946563720703,-0.0002288200776092708,-0.006751525215804577,28.110490798950195
905,0.9059059023857117,84.14079284667969,-0.00022574819740839303,-0.006227383390069008,25.77452278137207
906,0.9069069027900696,84.21219635009766,-0.00022612760949414223,-0.0067427074536681175,27.992015838623047
907,0.9079079031944275,84.28364562988281,-0.00022432902187574655,-0.006402079481631517,26.41592788696289
908,0.9089089035987854,84.35516357421875,-0.00022540097415912896,-0.006690785754472017,27.630142211914062
909,0.9099099040031433,84.42674255371094,-0.00022797126439400017,-0.007155184168368578,29.631404876708984
910,0.9109109044075012,84.49837493896484,-0.00022630095190834254,-0.006088664289563894,25.001800537109375
911,0.9119119048118591,84.57007598876953,-0.0002297993196407333,-0.006917939055711031,28.7309627532959
912,0.912912905216217,84.64183044433594,-0.0002301673957845196,-0.006930139847099781,28.914236068725586
913,0.913913905620575,84.71365356445312,-0.00023050782328937203,-0.0070338062942028046,29.45267105102539
914,0.9149149060249329,84.78553009033203,-0.0002292701683472842,-0.006441787350922823,26.93258285522461
915,0.9159159064292908,84.85746765136719,-0.00022845115745440125,-0.006402374245226383,26.783344268798828
916,0.9169169068336487,84.92947387695312,-0.00022775676916353405,-0.007022632285952568,29.548627853393555
917,0.9179179072380066,85.00153350830078,-0.00022546850959770381,-0.0067752692848443985,28.569618225097656
918,0.9189189076423645,85.07366180419922,-0.00022301939316093922,-0.006713378708809614,28.436004638671875
919,0.9199199080467224,85.1458511352539,-0.00022127982811070979,-0.0068694609217345715,29.31665802001953
920,0.9209209084510803,85.21809387207031,-0.00022046912636142224,-0.007732385769486427,33.40550994873047
921,0.9219219088554382,85.29039764404297,-0.00021891493815928698,-0.007485214155167341,32.37543869018555
922,0.9229229092597961,85.3627700805664,-0.0002173158572986722,-0.00661290530115366,28.40180206298828
923,0.923923909664154,85.43519592285156,-0.00021723267855122685,-0.006641303189098835,28.510074615478516
924,0.924924910068512,85.50769805908203,-0.00021664766245521605,-0.006195815745741129,26.450515747070312
925,0.9259259104728699,85.58024597167969,-0.0002166203485103324,-0.006288448814302683,26.916704177856445
926,0.9269269108772278,85.6528549194336,-0.00021607914823107421,-0.005820101592689753,24.752811431884766
927,0.9279279112815857,85.72554779052734,-0.00021615443984046578,-0.0057538412511348724,24.425830841064453
928,0.9289289116859436,85.79827880859375,-0.00021672688308171928,-0.006497577298432589,27.8236141204834
929,0.9299299120903015,85.87108612060547,-0.00021694987663067877,-0.006826933939009905,29.31643295288086
930,0.9309309124946594,85.9439468383789,-0.00021671742433682084,-0.00715530663728714,30.848472595214844
931,0.9319319128990173,86.01686096191406,-0.00021642231149598956,-0.007438485976308584,32.23313522338867
932,0.9329329133033752,86.08985137939453,-0.0002157091221306473,-0.006616126745939255,28.540958404541016
933,0.9339339137077332,86.16289520263672,-0.00021530884259846061,-0.007209520787000656,31.408092498779297
934,0.9349349141120911,86.23600769042969,-0.00021419496624730527,-0.00669404212385416,29.064064025878906
935,0.935935914516449,86.3091812133789,-0.00021305236441548914,-0.006248385179787874,26.992530822753906
936,0.9369369149208069,86.38240814208984,-0.00021328957518562675,-0.005424348171800375,23.077035903930664
937,0.9379379153251648,86.45570373535156,-0.00021445142920129,-0.005076449830085039,21.339805603027344
938,0.9389389157295227,86.52906799316406,-0.00021437737450469285,-0.005777527112513781,24.50011444091797
939,0.9399399161338806,86.60248565673828,-0.00021605516667477787,-0.00618643406778574,26.30232048034668
940,0.9409409165382385,86.67597198486328,-0.00021788921731058508,-0.006478684023022652,27.542146682739258
941,0.9419419169425964,86.74951171875,-0.00021886968170292675,-0.006453188601881266,27.376365661621094
942,0.9429429173469543,86.82312774658203,-0.00021880965505260974,-0.006002394482493401,25.289722442626953
943,0.9439439177513123,86.89679718017578,-0.0002186833880841732,-0.00610604090616107,25.762104034423828
944,0.9449449181556702,86.97053527832031,-0.00021757236390840262,-0.005468063056468964,22.839168548583984
945,0.9459459185600281,87.04431915283203,-0.0002170083753298968,-0.005873634479939938,24.72480010986328
946,0.946946918964386,87.11817932128906,-0.0002161871234420687,-0.006180282216519117,26.182329177856445
947,0.9479479193687439,87.19210052490234,-0.0002144578320439905,-0.006449082400649786,27.519981384277344
948,0.9489489793777466,87.2660903930664,-0.0002123847370967269,-0.00685585243627429,29.53643226623535
949,0.9499499797821045,87.34013366699219,-0.00020977230451535434,-0.006433497648686171,27.729717254638672
950,0.9509509801864624,87.41423797607422,-0.00020754526485688984,-0.006154570262879133,26.618356704711914
951,0.9519519805908203,87.48841094970703,-0.00020599705749191344,-0.0062730866484344006,27.47785186767578
952,0.9529529809951782,87.56263732910156,-0.00020525825675576925,-0.005741857923567295,25.178945541381836
953,0.9539539813995361,87.6369400024414,-0.00020482443505898118,-0.005299324635416269,23.32330322265625
954,0.954954981803894,87.71129608154297,-0.00020420446526259184,-0.005129741504788399,22.784549713134766
955,0.955955982208252,87.78572845458984,-0.0002054167416645214,-0.004111618734896183,18.003082275390625
956,0.9569569826126099,87.86021423339844,-0.00020847719861194491,-0.0029703762847930193,12.621038436889648
957,0.9579579830169678,87.93476104736328,-0.00020736773149110377,-0.0035256510600447655,15.376256942749023
958,0.9589589834213257,88.0093765258789,-0.000207180914003402,-0.0038824579678475857,17.136884689331055
959,0.9599599838256836,88.08405303955078,-0.0002065750304609537,-0.004168466664850712,18.57150650024414
960,0.9609609842300415,88.1587905883789,-0.0002063186257146299,-0.004162691067904234,18.618011474609375
961,0.9619619846343994,88.23359680175781,-0.00020730006508529186,-0.0034530204720795155,15.245719909667969
962,0.9629629850387573,88.30846405029297,-0.00020563570433296263,-0.0034387840423732996,15.20467758178711
963,0.9639639854431152,88.38339233398438,-0.000203388583031483,-0.003524091327562928,15.657224655151367
964,0.9649649858474731,88.45838165283203,-0.000201051909243688,-0.00354627869091928,15.822948455810547
965,0.965965986251831,88.53343963623047,-0.00019951318972744048,-0.0025769846979528666,10.981424331665039
966,0.966966986656189,88.60856628417969,-0.0001980368688236922,-0.003860930446535349,17.44943618774414
967,0.9679679870605469,88.68374633789062,-0.00020054746710229665,-0.004697420168668032,21.6574649810791
968,0.9689689874649048,88.75899505615234,-0.00019677358795888722,-0.004146881867200136,18.87453842163086
969,0.9699699878692627,88.83431243896484,-0.00019563209207262844,-0.0041486588306725025,18.82462501525879
970,0.9709709882736206,88.90968322753906,-0.00019878227612935007,-0.004887169227004051,22.534866333007812
971,0.9719719886779785,88.98513793945312,-0.0002011404576478526,-0.005319409538060427,24.679697036743164
972,0.9729729890823364,89.06063842773438,-0.0001985965936910361,-0.0049254936166107655,22.70408821105957
973,0.9739739894866943,89.13619995117188,-0.0001972625614143908,-0.004605862777680159,21.119234085083008
974,0.9749749898910522,89.21183776855469,-0.000196652312297374,-0.004192478489130735,19.08983039855957
975,0.9759759902954102,89.28753662109375,-0.00019700545817613602,-0.003991160076111555,18.108766555786133
976,0.9769769906997681,89.36328887939453,-0.00019724854792002589,-0.00390212913043797,17.623825073242188
977,0.977977991104126,89.43911743164062,-0.00019795840489678085,-0.003550285706296563,15.748494148254395
978,0.9789789915084839,89.5150146484375,-0.00019920041086152196,-0.0032372516579926014,14.047295570373535
979,0.9799799919128418,89.59095764160156,-0.0002006454742513597,-0.0029380491469055414,12.414470672607422
980,0.9809809923171997,89.66697692871094,-0.00020031460735481232,-0.0030619550962001085,12.93942928314209
981,0.9819819927215576,89.7430648803711,-0.00019695985247381032,-0.0037366028409451246,16.33263397216797
982,0.9829829931259155,89.81920623779297,-0.00019707100000232458,-0.0037352910730987787,16.43800163269043
983,0.9839839935302734,89.89541625976562,-0.00019259176042396575,-0.0047179278917610645,21.657411575317383
984,0.9849849939346313,89.97168731689453,-0.0001922017108881846,-0.005114298313856125,23.87929344177246
985,0.9859859943389893,90.04803466796875,-0.00019824504852294922,-0.003922628704458475,17.90501594543457
986,0.9869869947433472,90.12445068359375,-0.0001984279660973698,-0.0041534495539963245,19.141796112060547
987,0.9879879951477051,90.20091247558594,-0.0001994279882637784,-0.00419297069311142,19.33181381225586
988,0.988988995552063,90.27745819091797,-0.00020408100681379437,-0.00355764152482152,16.16189956665039
989,0.9899899959564209,90.35404968261719,-0.00020713124831672758,-0.0028971824795007706,12.909307479858398
990,0.9909909963607788,90.43071746826172,-0.0002073729847325012,-0.002128636697307229,9.169820785522461
991,0.9919919967651367,90.5074462890625,-0.0002062682615360245,-0.00267289811745286,11.791643142700195
992,0.9929929971694946,90.58423614501953,-0.0002011253236560151,-0.0034136467147618532,15.427738189697266
993,0.9939939975738525,90.6611099243164,-0.00019433855777606368,-0.004102449864149094,18.94429588317871
994,0.9949949979782104,90.73802947998047,-0.00019226365839131176,-0.00411723367869854,19.08831024169922
995,0.9959959983825684,90.81501770019531,-0.00018726298003457487,-0.004975870717316866,23.72833824157715
996,0.9969969987869263,90.89208221435547,-0.00018750398885458708,-0.00457389373332262,21.654212951660156
997,0.9979979991912842,90.96920013427734,-0.00018684312817640603,-0.005256243981420994,25.318145751953125
998,0.9989989995956421,91.04638671875,-0.00019010707910638303,-0.006468951236456633,31.69952392578125
999,1.0,91.12364959716797,-0.00019164313562214375,-0.007190348580479622,35.330711364746094
